1	81 
2	142 
3	279 
4	209 
5	453 
6	268 
7	431 
8	52 
9	103 
10	325 
11	395 
12	450 
13	97 
14	431 
15	376 
16	225 
17	406 
18	29 
19	335 
20	1 
21	454 
22	405 
23	128 
24	280 
25	91 
26	1 
27	208 
28	291 
29	61 
30	111 
31	338 
32	162 
33	344 
34	357 
35	9 
36	180 
37	366 
38	58 
39	3 
40	275 
41	294 
42	111 
43	52 
44	50 
45	384 
46	349 
47	291 
48	421 
49	322 
50	274 
51	429 
52	447 
53	4 
54	457 
55	221 
56	288 
57	296 
58	77 
59	2 
60	167 
61	99 
62	134 
63	412 
64	404 
65	214 
66	196 
67	167 
68	281 
69	191 
70	420 
71	373 
72	155 
73	22 
74	416 
75	325 
76	328 
77	229 
78	174 
79	202 
80	389 
81	385 
82	248 
83	165 
84	153 
85	239 
86	109 
87	429 
88	311 
89	172 
90	143 
91	220 
92	373 
93	418 
94	414 
95	391 
96	103 
97	332 
98	32 
99	293 
100	331 
101	193 
102	195 
103	441 
104	373 
105	357 
106	353 
107	178 
108	410 
109	45 
110	23 
111	95 
112	325 
113	337 
114	66 
115	426 
116	31 
117	429 
118	292 
119	90 
120	444 
121	312 
122	26 
123	355 
124	204 
125	238 
126	292 
127	257 
128	51 
129	358 
130	155 
131	187 
132	37 
133	6 
134	240 
135	208 
136	240 
137	122 
138	33 
139	130 
140	45 
141	442 
142	16 
143	13 
144	326 
145	223 
146	8 
147	390 
148	33 
149	27 
150	141 
151	292 
152	439 
153	442 
154	321 
155	55 
156	273 
157	55 
158	289 
159	13 
160	417 
161	68 
162	230 
163	338 
164	180 
165	66 
166	218 
167	6 
168	302 
169	124 
170	120 
171	297 
172	203 
173	12 
174	423 
175	82 
176	357 
177	424 
178	365 
179	141 
180	392 
181	42 
182	100 
183	207 
184	244 
185	343 
186	177 
187	309 
188	455 
189	67 
190	203 
191	307 
192	189 
193	191 
194	19 
195	331 
196	152 
197	227 
198	20 
199	147 
200	79 
201	234 
202	47 
203	274 
204	33 
205	175 
206	207 
207	6 
208	325 
209	204 
210	318 
211	159 
212	84 
213	207 
214	276 
215	362 
216	229 
217	363 
218	271 
219	106 
220	65 
221	57 
222	389 
223	22 
224	60 
225	391 
226	39 
227	45 
228	128 
229	231 
230	412 
231	35 
232	425 
233	263 
234	285 
235	452 
236	243 
237	265 
238	174 
239	79 
240	297 
241	32 
242	103 
243	252 
244	319 
245	254 
246	98 
247	152 
248	269 
249	315 
250	330 
251	395 
252	265 
253	389 
254	388 
255	352 
256	347 
257	406 
258	381 
259	319 
260	272 
261	28 
262	146 
263	177 
264	270 
265	70 
266	114 
267	334 
268	423 
269	40 
270	212 
271	412 
272	123 
273	429 
274	118 
275	382 
276	136 
277	400 
278	243 
279	172 
280	267 
281	319 
282	214 
283	255 
284	11 
285	88 
286	272 
287	265 
288	141 
289	344 
290	367 
291	261 
292	158 
293	424 
294	313 
295	263 
296	331 
297	23 
298	316 
299	123 
300	29 
301	177 
302	383 
303	240 
304	237 
305	404 
306	78 
307	34 
308	291 
309	128 
310	50 
311	186 
312	161 
313	8 
314	219 
315	310 
316	231 
317	151 
318	421 
319	44 
320	262 
321	10 
322	129 
323	249 
324	56 
325	342 
326	168 
327	173 
328	250 
329	198 
330	326 
331	121 
332	368 
333	97 
334	298 
335	278 
336	81 
337	437 
338	47 
339	274 
340	173 
341	223 
342	59 
343	373 
344	304 
345	194 
346	91 
347	153 
348	222 
349	232 
350	238 
351	17 
352	106 
353	442 
354	78 
355	217 
356	449 
357	243 
358	57 
359	46 
360	297 
361	359 
362	254 
363	265 
364	215 
365	210 
366	98 
367	435 
368	426 
369	176 
370	12 
371	368 
372	303 
373	117 
374	72 
375	88 
376	172 
377	170 
378	424 
379	208 
380	310 
381	335 
382	440 
383	180 
384	201 
385	156 
386	149 
387	446 
388	313 
389	97 
390	281 
391	224 
392	338 
393	154 
394	225 
395	223 
396	118 
397	324 
398	364 
399	226 
400	34 
401	70 
402	82 
403	281 
404	9 
405	423 
406	291 
407	137 
408	365 
409	296 
410	453 
411	315 
412	432 
413	176 
414	406 
415	343 
416	239 
417	187 
418	115 
419	351 
420	367 
421	161 
422	383 
423	237 
424	286 
425	445 
426	39 
427	162 
428	260 
429	53 
430	128 
431	406 
432	354 
433	166 
434	225 
435	310 
436	404 
437	320 
438	340 
439	159 
440	313 
441	312 
442	97 
443	46 
444	244 
445	289 
446	13 
447	381 
448	160 
449	234 
450	296 
451	59 
452	450 
453	300 
454	433 
455	103 
456	413 
457	185 
458	187 
459	110 
460	204 
461	445 
462	436 
463	184 
464	242 
465	317 
466	268 
467	126 
468	108 
469	229 
470	370 
471	366 
472	23 
473	401 
474	309 
475	96 
476	260 
477	246 
478	135 
479	143 
480	249 
481	418 
482	98 
483	48 
484	54 
485	254 
486	21 
487	341 
488	194 
489	264 
490	111 
491	52 
492	93 
493	245 
494	280 
495	187 
496	283 
497	31 
498	3 
499	231 
500	46 
501	14 
502	8 
503	343 
504	15 
505	377 
506	24 
507	307 
508	179 
509	161 
510	91 
511	22 
512	411 
513	123 
514	417 
515	352 
516	88 
517	266 
518	123 
519	12 
520	314 
521	327 
522	130 
523	454 
524	267 
525	40 
526	343 
527	325 
528	312 
529	215 
530	354 
531	133 
532	36 
533	141 
534	332 
535	410 
536	369 
537	150 
538	186 
539	411 
540	343 
541	139 
542	176 
543	57 
544	433 
545	140 
546	442 
547	55 
548	142 
549	12 
550	411 
551	81 
552	110 
553	296 
554	22 
555	262 
556	241 
557	86 
558	204 
559	186 
560	7 
561	58 
562	434 
563	413 
564	318 
565	331 
566	209 
567	219 
568	148 
569	152 
570	208 
571	4 
572	121 
573	167 
574	400 
575	76 
576	236 
577	355 
578	379 
579	139 
580	199 
581	375 
582	439 
583	327 
584	338 
585	222 
586	42 
587	223 
588	442 
589	82 
590	327 
591	192 
592	225 
593	129 
594	432 
595	162 
596	315 
597	248 
598	223 
599	382 
600	181 
601	387 
602	266 
603	191 
604	166 
605	406 
606	414 
607	296 
608	396 
609	57 
610	122 
611	399 
612	57 
613	36 
614	416 
615	195 
616	166 
617	436 
618	452 
619	311 
620	79 
621	211 
622	277 
623	104 
624	86 
625	182 
626	390 
627	361 
628	123 
629	18 
630	234 
631	409 
632	278 
633	97 
634	278 
635	89 
636	238 
637	423 
638	365 
639	375 
640	138 
641	56 
642	98 
643	421 
644	277 
645	318 
646	170 
647	125 
648	347 
649	51 
650	47 
651	332 
652	421 
653	251 
654	66 
655	10 
656	370 
657	384 
658	75 
659	315 
660	168 
661	240 
662	249 
663	452 
664	327 
665	78 
666	159 
667	5 
668	384 
669	320 
670	70 
671	448 
672	356 
673	160 
674	117 
675	251 
676	64 
677	191 
678	151 
679	422 
680	210 
681	240 
682	358 
683	11 
684	181 
685	454 
686	382 
687	413 
688	182 
689	400 
690	438 
691	255 
692	451 
693	323 
694	120 
695	228 
696	18 
697	54 
698	46 
699	64 
700	126 
701	204 
702	329 
703	88 
704	39 
705	264 
706	35 
707	164 
708	383 
709	313 
710	388 
711	225 
712	27 
713	324 
714	166 
715	96 
716	89 
717	436 
718	46 
719	53 
720	1 
721	321 
722	308 
723	209 
724	452 
725	429 
726	404 
727	383 
728	319 
729	417 
730	245 
731	389 
732	439 
733	439 
734	98 
735	398 
736	276 
737	362 
738	133 
739	12 
740	239 
741	430 
742	327 
743	97 
744	61 
745	448 
746	211 
747	429 
748	392 
749	125 
750	129 
751	126 
752	234 
753	166 
754	436 
755	388 
756	52 
757	259 
758	31 
759	345 
760	310 
761	181 
762	119 
763	243 
764	81 
765	108 
766	355 
767	410 
768	234 
769	394 
770	76 
771	106 
772	406 
773	189 
774	451 
775	237 
776	228 
777	98 
778	296 
779	228 
780	357 
781	303 
782	358 
783	26 
784	55 
785	59 
786	260 
787	112 
788	204 
789	128 
790	132 
791	144 
792	417 
793	118 
794	120 
795	204 
796	276 
797	25 
798	152 
799	419 
800	118 
801	335 
802	291 
803	188 
804	182 
805	226 
806	274 
807	74 
808	394 
809	312 
810	348 
811	417 
812	3 
813	187 
814	437 
815	52 
816	196 
817	202 
818	316 
819	309 
820	90 
821	85 
822	120 
823	229 
824	245 
825	212 
826	212 
827	82 
828	171 
829	221 
830	314 
831	326 
832	177 
833	260 
834	446 
835	397 
836	210 
837	223 
838	19 
839	376 
840	91 
841	261 
842	165 
843	255 
844	191 
845	340 
846	368 
847	322 
848	376 
849	446 
850	261 
851	323 
852	262 
853	393 
854	147 
855	219 
856	138 
857	236 
858	205 
859	436 
860	38 
861	245 
862	289 
863	253 
864	172 
865	28 
866	444 
867	81 
868	108 
869	13 
870	186 
871	25 
872	373 
873	362 
874	444 
875	73 
876	222 
877	161 
878	101 
879	366 
880	258 
881	161 
882	258 
883	196 
884	389 
885	288 
886	107 
887	421 
888	36 
889	368 
890	60 
891	413 
892	12 
893	318 
894	116 
895	452 
896	170 
897	336 
898	449 
899	247 
900	417 
901	303 
902	257 
903	169 
904	357 
905	398 
906	189 
907	374 
908	435 
909	339 
910	267 
911	400 
912	252 
913	382 
914	421 
915	295 
916	444 
917	345 
918	41 
919	121 
920	255 
921	179 
922	421 
923	14 
924	75 
925	270 
926	348 
927	409 
928	32 
929	282 
930	99 
931	387 
932	16 
933	240 
934	210 
935	98 
936	149 
937	416 
938	428 
939	145 
940	195 
941	453 
942	207 
943	278 
944	227 
945	228 
946	220 
947	104 
948	24 
949	276 
950	27 
951	255 
952	262 
953	52 
954	360 
955	418 
956	310 
957	175 
958	278 
959	382 
960	18 
961	284 
962	251 
963	32 
964	92 
965	266 
966	289 
967	396 
968	147 
969	398 
970	293 
971	268 
972	140 
973	190 
974	54 
975	442 
976	39 
977	26 
978	196 
979	252 
980	450 
981	381 
982	290 
983	20 
984	136 
985	175 
986	428 
987	456 
988	42 
989	2 
990	318 
991	306 
992	35 
993	214 
994	104 
995	131 
996	172 
997	2 
998	57 
999	458 
1000	111 
1001	120 
1002	381 
1003	413 
1004	84 
1005	298 
1006	261 
1007	74 
1008	70 
1009	207 
1010	390 
1011	375 
1012	342 
1013	145 
1014	168 
1015	430 
1016	444 
1017	445 
1018	329 
1019	65 
1020	249 
1021	135 
1022	428 
1023	388 
1024	283 
1025	71 
1026	342 
1027	438 
1028	121 
1029	360 
1030	270 
1031	359 
1032	445 
1033	452 
1034	363 
1035	422 
1036	178 
1037	97 
1038	409 
1039	157 
1040	185 
1041	447 
1042	319 
1043	397 
1044	73 
1045	76 
1046	237 
1047	353 
1048	73 
1049	449 
1050	345 
1051	45 
1052	403 
1053	42 
1054	275 
1055	156 
1056	35 
1057	167 
1058	251 
1059	362 
1060	247 
1061	38 
1062	450 
1063	46 
1064	350 
1065	139 
1066	156 
1067	270 
1068	115 
1069	36 
1070	388 
1071	227 
1072	195 
1073	122 
1074	367 
1075	178 
1076	41 
1077	23 
1078	156 
1079	284 
1080	427 
1081	434 
1082	55 
1083	374 
1084	11 
1085	455 
1086	306 
1087	317 
1088	420 
1089	9 
1090	457 
1091	237 
1092	9 
1093	130 
1094	425 
1095	340 
1096	89 
1097	283 
1098	131 
1099	441 
1100	258 
1101	433 
1102	67 
1103	426 
1104	8 
1105	429 
1106	325 
1107	425 
1108	168 
1109	217 
1110	75 
1111	173 
1112	428 
1113	176 
1114	268 
1115	452 
1116	197 
1117	211 
1118	161 
1119	91 
1120	213 
1121	409 
1122	99 
1123	92 
1124	32 
1125	199 
1126	236 
1127	156 
1128	217 
1129	366 
1130	457 
1131	301 
1132	105 
1133	292 
1134	54 
1135	312 
1136	25 
1137	439 
1138	403 
1139	221 
1140	345 
1141	97 
1142	456 
1143	92 
1144	378 
1145	449 
1146	292 
1147	158 
1148	319 
1149	235 
1150	73 
1151	39 
1152	65 
1153	1 
1154	375 
1155	243 
1156	128 
1157	349 
1158	62 
1159	153 
1160	220 
1161	151 
1162	180 
1163	12 
1164	112 
1165	176 
1166	88 
1167	175 
1168	249 
1169	307 
1170	414 
1171	382 
1172	259 
1173	7 
1174	145 
1175	34 
1176	23 
1177	302 
1178	70 
1179	276 
1180	118 
1181	50 
1182	371 
1183	316 
1184	7 
1185	425 
1186	35 
1187	339 
1188	156 
1189	344 
1190	161 
1191	376 
1192	97 
1193	446 
1194	391 
1195	139 
1196	332 
1197	212 
1198	238 
1199	166 
1200	233 
1201	456 
1202	246 
1203	194 
1204	33 
1205	350 
1206	452 
1207	90 
1208	455 
1209	445 
1210	397 
1211	9 
1212	228 
1213	241 
1214	350 
1215	252 
1216	452 
1217	271 
1218	412 
1219	111 
1220	374 
1221	456 
1222	344 
1223	333 
1224	90 
1225	83 
1226	369 
1227	407 
1228	242 
1229	251 
1230	103 
1231	396 
1232	389 
1233	48 
1234	178 
1235	283 
1236	133 
1237	141 
1238	362 
1239	46 
1240	370 
1241	273 
1242	435 
1243	256 
1244	55 
1245	255 
1246	435 
1247	309 
1248	293 
1249	444 
1250	53 
1251	313 
1252	187 
1253	104 
1254	235 
1255	358 
1256	136 
1257	174 
1258	137 
1259	217 
1260	189 
1261	362 
1262	82 
1263	64 
1264	142 
1265	145 
1266	364 
1267	48 
1268	139 
1269	308 
1270	360 
1271	402 
1272	344 
1273	209 
1274	13 
1275	75 
1276	403 
1277	188 
1278	103 
1279	15 
1280	436 
1281	50 
1282	184 
1283	89 
1284	443 
1285	307 
1286	259 
1287	58 
1288	303 
1289	425 
1290	119 
1291	27 
1292	436 
1293	234 
1294	96 
1295	304 
1296	197 
1297	157 
1298	33 
1299	257 
1300	23 
1301	215 
1302	388 
1303	363 
1304	377 
1305	118 
1306	79 
1307	442 
1308	113 
1309	215 
1310	295 
1311	411 
1312	166 
1313	33 
1314	325 
1315	327 
1316	195 
1317	19 
1318	45 
1319	61 
1320	180 
1321	72 
1322	262 
1323	307 
1324	155 
1325	349 
1326	66 
1327	74 
1328	282 
1329	245 
1330	47 
1331	62 
1332	239 
1333	326 
1334	67 
1335	313 
1336	391 
1337	344 
1338	62 
1339	431 
1340	167 
1341	214 
1342	322 
1343	12 
1344	457 
1345	216 
1346	25 
1347	8 
1348	190 
1349	257 
1350	387 
1351	314 
1352	250 
1353	14 
1354	430 
1355	294 
1356	134 
1357	172 
1358	233 
1359	346 
1360	212 
1361	231 
1362	349 
1363	41 
1364	196 
1365	364 
1366	66 
1367	308 
1368	402 
1369	19 
1370	94 
1371	135 
1372	416 
1373	312 
1374	126 
1375	307 
1376	431 
1377	114 
1378	267 
1379	458 
1380	156 
1381	284 
1382	19 
1383	401 
1384	11 
1385	276 
1386	455 
1387	237 
1388	417 
1389	77 
1390	281 
1391	266 
1392	245 
1393	391 
1394	11 
1395	133 
1396	93 
1397	34 
1398	358 
1399	242 
1400	324 
1401	1 
1402	389 
1403	356 
1404	105 
1405	189 
1406	169 
1407	277 
1408	251 
1409	166 
1410	316 
1411	28 
1412	189 
1413	327 
1414	282 
1415	347 
1416	274 
1417	46 
1418	88 
1419	77 
1420	116 
1421	126 
1422	143 
1423	119 
1424	191 
1425	182 
1426	28 
1427	27 
1428	231 
1429	186 
1430	382 
1431	283 
1432	235 
1433	172 
1434	223 
1435	392 
1436	121 
1437	282 
1438	326 
1439	194 
1440	353 
1441	156 
1442	152 
1443	285 
1444	136 
1445	205 
1446	223 
1447	418 
1448	124 
1449	408 
1450	275 
1451	365 
1452	142 
1453	444 
1454	314 
1455	349 
1456	346 
1457	454 
1458	393 
1459	436 
1460	295 
1461	192 
1462	97 
1463	2 
1464	322 
1465	255 
1466	384 
1467	325 
1468	34 
1469	370 
1470	140 
1471	410 
1472	238 
1473	333 
1474	74 
1475	259 
1476	317 
1477	185 
1478	443 
1479	404 
1480	77 
1481	307 
1482	338 
1483	243 
1484	127 
1485	129 
1486	94 
1487	231 
1488	41 
1489	188 
1490	401 
1491	370 
1492	119 
1493	86 
1494	440 
1495	360 
1496	348 
1497	41 
1498	153 
1499	207 
1500	357 
1501	239 
1502	388 
1503	77 
1504	131 
1505	268 
1506	147 
1507	102 
1508	373 
1509	15 
1510	380 
1511	337 
1512	448 
1513	202 
1514	375 
1515	308 
1516	30 
1517	82 
1518	27 
1519	354 
1520	336 
1521	349 
1522	128 
1523	100 
1524	348 
1525	389 
1526	433 
1527	50 
1528	238 
1529	210 
1530	365 
1531	405 
1532	427 
1533	365 
1534	419 
1535	148 
1536	188 
1537	391 
1538	110 
1539	352 
1540	77 
1541	392 
1542	18 
1543	310 
1544	119 
1545	409 
1546	361 
1547	20 
1548	206 
1549	382 
1550	183 
1551	178 
1552	376 
1553	114 
1554	89 
1555	162 
1556	239 
1557	234 
1558	218 
1559	226 
1560	11 
1561	205 
1562	214 
1563	68 
1564	388 
1565	403 
1566	51 
1567	407 
1568	107 
1569	304 
1570	245 
1571	419 
1572	322 
1573	184 
1574	30 
1575	367 
1576	351 
1577	119 
1578	301 
1579	97 
1580	349 
1581	118 
1582	420 
1583	96 
1584	76 
1585	415 
1586	50 
1587	324 
1588	196 
1589	281 
1590	379 
1591	150 
1592	187 
1593	266 
1594	80 
1595	322 
1596	48 
1597	89 
1598	209 
1599	19 
1600	376 
1601	393 
1602	356 
1603	157 
1604	144 
1605	269 
1606	23 
1607	190 
1608	228 
1609	287 
1610	218 
1611	266 
1612	458 
1613	128 
1614	94 
1615	449 
1616	312 
1617	24 
1618	158 
1619	386 
1620	133 
1621	22 
1622	43 
1623	367 
1624	290 
1625	253 
1626	390 
1627	402 
1628	307 
1629	442 
1630	287 
1631	311 
1632	296 
1633	40 
1634	185 
1635	56 
1636	453 
1637	300 
1638	49 
1639	171 
1640	413 
1641	210 
1642	306 
1643	245 
1644	1 
1645	46 
1646	93 
1647	293 
1648	378 
1649	296 
1650	360 
1651	297 
1652	369 
1653	416 
1654	113 
1655	7 
1656	138 
1657	378 
1658	169 
1659	436 
1660	90 
1661	176 
1662	437 
1663	88 
1664	319 
1665	324 
1666	214 
1667	174 
1668	323 
1669	437 
1670	179 
1671	161 
1672	131 
1673	93 
1674	124 
1675	215 
1676	95 
1677	75 
1678	442 
1679	354 
1680	349 
1681	325 
1682	182 
1683	195 
1684	159 
1685	2 
1686	86 
1687	131 
1688	75 
1689	218 
1690	277 
1691	100 
1692	314 
1693	128 
1694	260 
1695	441 
1696	36 
1697	445 
1698	101 
1699	453 
1700	453 
1701	438 
1702	398 
1703	197 
1704	455 
1705	351 
1706	381 
1707	26 
1708	247 
1709	123 
1710	223 
1711	26 
1712	434 
1713	57 
1714	451 
1715	434 
1716	153 
1717	439 
1718	222 
1719	401 
1720	195 
1721	33 
1722	47 
1723	304 
1724	48 
1725	75 
1726	402 
1727	163 
1728	136 
1729	369 
1730	235 
1731	380 
1732	177 
1733	80 
1734	159 
1735	365 
1736	395 
1737	341 
1738	22 
1739	294 
1740	299 
1741	77 
1742	70 
1743	317 
1744	301 
1745	290 
1746	227 
1747	121 
1748	111 
1749	330 
1750	362 
1751	445 
1752	351 
1753	128 
1754	392 
1755	298 
1756	21 
1757	341 
1758	392 
1759	34 
1760	58 
1761	328 
1762	194 
1763	116 
1764	418 
1765	5 
1766	297 
1767	177 
1768	417 
1769	173 
1770	217 
1771	351 
1772	219 
1773	14 
1774	168 
1775	213 
1776	119 
1777	230 
1778	229 
1779	325 
1780	418 
1781	246 
1782	204 
1783	199 
1784	1 
1785	3 
1786	424 
1787	97 
1788	17 
1789	99 
1790	119 
1791	406 
1792	415 
1793	217 
1794	283 
1795	447 
1796	164 
1797	63 
1798	321 
1799	101 
1800	375 
1801	22 
1802	169 
1803	99 
1804	202 
1805	198 
1806	148 
1807	27 
1808	108 
1809	22 
1810	12 
1811	386 
1812	400 
1813	274 
1814	19 
1815	325 
1816	163 
1817	78 
1818	83 
1819	42 
1820	12 
1821	250 
1822	229 
1823	98 
1824	5 
1825	430 
1826	346 
1827	336 
1828	130 
1829	76 
1830	54 
1831	75 
1832	419 
1833	94 
1834	261 
1835	128 
1836	193 
1837	425 
1838	48 
1839	266 
1840	14 
1841	418 
1842	128 
1843	28 
1844	124 
1845	275 
1846	162 
1847	155 
1848	417 
1849	214 
1850	374 
1851	380 
1852	182 
1853	282 
1854	240 
1855	89 
1856	432 
1857	216 
1858	36 
1859	175 
1860	69 
1861	12 
1862	303 
1863	279 
1864	410 
1865	133 
1866	404 
1867	36 
1868	88 
1869	274 
1870	91 
1871	379 
1872	371 
1873	372 
1874	133 
1875	379 
1876	300 
1877	280 
1878	94 
1879	347 
1880	322 
1881	116 
1882	131 
1883	60 
1884	57 
1885	151 
1886	152 
1887	367 
1888	102 
1889	323 
1890	261 
1891	417 
1892	127 
1893	336 
1894	50 
1895	208 
1896	260 
1897	330 
1898	135 
1899	436 
1900	170 
1901	221 
1902	158 
1903	144 
1904	183 
1905	32 
1906	215 
1907	76 
1908	435 
1909	328 
1910	112 
1911	148 
1912	4 
1913	384 
1914	316 
1915	206 
1916	337 
1917	89 
1918	294 
1919	154 
1920	58 
1921	294 
1922	161 
1923	172 
1924	369 
1925	430 
1926	394 
1927	66 
1928	60 
1929	453 
1930	35 
1931	425 
1932	232 
1933	80 
1934	205 
1935	364 
1936	341 
1937	266 
1938	23 
1939	116 
1940	168 
1941	336 
1942	336 
1943	325 
1944	218 
1945	158 
1946	416 
1947	271 
1948	443 
1949	71 
1950	457 
1951	168 
1952	308 
1953	75 
1954	416 
1955	172 
1956	195 
1957	390 
1958	94 
1959	256 
1960	343 
1961	75 
1962	53 
1963	42 
1964	94 
1965	167 
1966	103 
1967	55 
1968	72 
1969	74 
1970	97 
1971	42 
1972	72 
1973	106 
1974	95 
1975	29 
1976	20 
1977	152 
1978	393 
1979	59 
1980	73 
1981	233 
1982	441 
1983	140 
1984	299 
1985	67 
1986	206 
1987	238 
1988	256 
1989	51 
1990	112 
1991	165 
1992	425 
1993	288 
1994	170 
1995	153 
1996	39 
1997	308 
1998	446 
1999	277 
2000	445 
2001	128 
2002	113 
2003	324 
2004	341 
2005	56 
2006	249 
2007	190 
2008	196 
2009	375 
2010	163 
2011	380 
2012	366 
2013	160 
2014	3 
2015	61 
2016	117 
2017	331 
2018	398 
2019	100 
2020	253 
2021	372 
2022	184 
2023	167 
2024	154 
2025	118 
2026	6 
2027	292 
2028	100 
2029	293 
2030	25 
2031	83 
2032	107 
2033	346 
2034	39 
2035	58 
2036	443 
2037	176 
2038	115 
2039	236 
2040	269 
2041	349 
2042	55 
2043	78 
2044	273 
2045	79 
2046	201 
2047	76 
2048	455 
2049	322 
2050	308 
2051	7 
2052	444 
2053	183 
2054	458 
2055	148 
2056	92 
2057	338 
2058	268 
2059	209 
2060	445 
2061	407 
2062	181 
2063	88 
2064	89 
2065	41 
2066	172 
2067	403 
2068	65 
2069	73 
2070	62 
2071	157 
2072	316 
2073	301 
2074	374 
2075	387 
2076	17 
2077	292 
2078	88 
2079	356 
2080	6 
2081	333 
2082	255 
2083	159 
2084	42 
2085	38 
2086	326 
2087	414 
2088	374 
2089	64 
2090	388 
2091	253 
2092	113 
2093	444 
2094	274 
2095	458 
2096	335 
2097	401 
2098	360 
2099	297 
2100	54 
2101	253 
2102	444 
2103	31 
2104	284 
2105	355 
2106	224 
2107	309 
2108	243 
2109	199 
2110	256 
2111	429 
2112	385 
2113	282 
2114	184 
2115	109 
2116	237 
2117	80 
2118	269 
2119	398 
2120	224 
2121	302 
2122	219 
2123	453 
2124	364 
2125	157 
2126	83 
2127	450 
2128	274 
2129	311 
2130	359 
2131	189 
2132	71 
2133	1 
2134	292 
2135	297 
2136	63 
2137	332 
2138	356 
2139	180 
2140	299 
2141	418 
2142	5 
2143	387 
2144	306 
2145	455 
2146	297 
2147	368 
2148	233 
2149	440 
2150	335 
2151	204 
2152	260 
2153	10 
2154	156 
2155	278 
2156	450 
2157	48 
2158	68 
2159	38 
2160	401 
2161	120 
2162	108 
2163	229 
2164	146 
2165	171 
2166	448 
2167	279 
2168	220 
2169	382 
2170	86 
2171	152 
2172	294 
2173	74 
2174	139 
2175	319 
2176	315 
2177	111 
2178	258 
2179	224 
2180	416 
2181	298 
2182	343 
2183	254 
2184	142 
2185	373 
2186	71 
2187	325 
2188	392 
2189	47 
2190	361 
2191	148 
2192	432 
2193	92 
2194	123 
2195	323 
2196	73 
2197	439 
2198	160 
2199	91 
2200	110 
2201	247 
2202	111 
2203	172 
2204	9 
2205	235 
2206	6 
2207	214 
2208	272 
2209	133 
2210	392 
2211	83 
2212	260 
2213	130 
2214	146 
2215	444 
2216	396 
2217	254 
2218	392 
2219	272 
2220	382 
2221	265 
2222	28 
2223	195 
2224	2 
2225	299 
2226	97 
2227	123 
2228	201 
2229	42 
2230	34 
2231	160 
2232	266 
2233	72 
2234	123 
2235	440 
2236	70 
2237	354 
2238	324 
2239	422 
2240	28 
2241	424 
2242	251 
2243	455 
2244	64 
2245	288 
2246	252 
2247	339 
2248	292 
2249	154 
2250	96 
2251	44 
2252	340 
2253	74 
2254	375 
2255	358 
2256	411 
2257	457 
2258	122 
2259	390 
2260	247 
2261	130 
2262	253 
2263	59 
2264	359 
2265	109 
2266	441 
2267	273 
2268	169 
2269	28 
2270	146 
2271	234 
2272	454 
2273	267 
2274	405 
2275	356 
2276	272 
2277	385 
2278	449 
2279	81 
2280	85 
2281	227 
2282	190 
2283	81 
2284	50 
2285	14 
2286	282 
2287	128 
2288	355 
2289	296 
2290	28 
2291	10 
2292	404 
2293	250 
2294	449 
2295	368 
2296	347 
2297	388 
2298	431 
2299	92 
2300	208 
2301	183 
2302	271 
2303	116 
2304	141 
2305	309 
2306	39 
2307	315 
2308	77 
2309	290 
2310	292 
2311	203 
2312	316 
2313	264 
2314	439 
2315	329 
2316	17 
2317	60 
2318	307 
2319	436 
2320	300 
2321	328 
2322	73 
2323	287 
2324	103 
2325	309 
2326	217 
2327	341 
2328	263 
2329	161 
2330	282 
2331	344 
2332	55 
2333	92 
2334	268 
2335	359 
2336	173 
2337	181 
2338	104 
2339	272 
2340	451 
2341	85 
2342	69 
2343	64 
2344	161 
2345	75 
2346	383 
2347	43 
2348	457 
2349	340 
2350	307 
2351	103 
2352	312 
2353	436 
2354	176 
2355	155 
2356	372 
2357	434 
2358	229 
2359	341 
2360	100 
2361	184 
2362	403 
2363	121 
2364	156 
2365	264 
2366	353 
2367	127 
2368	117 
2369	297 
2370	220 
2371	16 
2372	11 
2373	361 
2374	88 
2375	17 
2376	144 
2377	306 
2378	362 
2379	72 
2380	329 
2381	181 
2382	296 
2383	246 
2384	23 
2385	159 
2386	21 
2387	151 
2388	166 
2389	441 
2390	127 
2391	228 
2392	416 
2393	290 
2394	297 
2395	247 
2396	64 
2397	31 
2398	175 
2399	365 
2400	173 
2401	19 
2402	233 
2403	84 
2404	121 
2405	166 
2406	117 
2407	233 
2408	371 
2409	13 
2410	358 
2411	307 
2412	355 
2413	88 
2414	244 
2415	252 
2416	341 
2417	269 
2418	259 
2419	155 
2420	115 
2421	348 
2422	245 
2423	394 
2424	111 
2425	329 
2426	134 
2427	210 
2428	452 
2429	97 
2430	354 
2431	452 
2432	111 
2433	264 
2434	288 
2435	245 
2436	279 
2437	355 
2438	28 
2439	160 
2440	397 
2441	261 
2442	93 
2443	202 
2444	24 
2445	118 
2446	237 
2447	143 
2448	313 
2449	84 
2450	383 
2451	373 
2452	83 
2453	167 
2454	393 
2455	187 
2456	304 
2457	124 
2458	417 
2459	113 
2460	75 
2461	436 
2462	376 
2463	432 
2464	440 
2465	434 
2466	92 
2467	334 
2468	47 
2469	12 
2470	280 
2471	407 
2472	381 
2473	276 
2474	121 
2475	217 
2476	431 
2477	283 
2478	185 
2479	181 
2480	60 
2481	150 
2482	337 
2483	313 
2484	148 
2485	28 
2486	268 
2487	109 
2488	186 
2489	391 
2490	363 
2491	268 
2492	291 
2493	30 
2494	371 
2495	342 
2496	442 
2497	110 
2498	420 
2499	417 
2500	119 
2501	414 
2502	15 
2503	103 
2504	305 
2505	176 
2506	226 
2507	157 
2508	290 
2509	77 
2510	352 
2511	410 
2512	426 
2513	416 
2514	296 
2515	11 
2516	30 
2517	68 
2518	49 
2519	110 
2520	350 
2521	375 
2522	331 
2523	301 
2524	384 
2525	134 
2526	150 
2527	53 
2528	438 
2529	362 
2530	291 
2531	413 
2532	296 
2533	141 
2534	438 
2535	63 
2536	161 
2537	315 
2538	74 
2539	290 
2540	115 
2541	152 
2542	325 
2543	406 
2544	121 
2545	445 
2546	325 
2547	333 
2548	222 
2549	240 
2550	436 
2551	374 
2552	29 
2553	260 
2554	60 
2555	342 
2556	144 
2557	450 
2558	436 
2559	70 
2560	452 
2561	385 
2562	354 
2563	213 
2564	305 
2565	259 
2566	80 
2567	102 
2568	375 
2569	205 
2570	426 
2571	41 
2572	131 
2573	51 
2574	353 
2575	29 
2576	296 
2577	58 
2578	61 
2579	152 
2580	290 
2581	78 
2582	397 
2583	231 
2584	405 
2585	82 
2586	388 
2587	204 
2588	381 
2589	187 
2590	360 
2591	409 
2592	277 
2593	275 
2594	71 
2595	100 
2596	192 
2597	373 
2598	414 
2599	28 
2600	108 
2601	358 
2602	4 
2603	261 
2604	186 
2605	26 
2606	88 
2607	56 
2608	289 
2609	169 
2610	209 
2611	252 
2612	309 
2613	333 
2614	442 
2615	432 
2616	147 
2617	58 
2618	103 
2619	55 
2620	66 
2621	51 
2622	270 
2623	140 
2624	57 
2625	39 
2626	229 
2627	311 
2628	43 
2629	372 
2630	22 
2631	139 
2632	108 
2633	307 
2634	41 
2635	84 
2636	418 
2637	407 
2638	315 
2639	294 
2640	339 
2641	452 
2642	184 
2643	62 
2644	430 
2645	403 
2646	439 
2647	297 
2648	433 
2649	390 
2650	313 
2651	354 
2652	311 
2653	162 
2654	129 
2655	89 
2656	332 
2657	168 
2658	29 
2659	16 
2660	140 
2661	194 
2662	168 
2663	174 
2664	137 
2665	127 
2666	94 
2667	220 
2668	289 
2669	182 
2670	237 
2671	241 
2672	218 
2673	124 
2674	265 
2675	97 
2676	408 
2677	428 
2678	185 
2679	175 
2680	288 
2681	194 
2682	15 
2683	348 
2684	102 
2685	223 
2686	312 
2687	210 
2688	192 
2689	245 
2690	375 
2691	273 
2692	49 
2693	136 
2694	14 
2695	22 
2696	10 
2697	279 
2698	13 
2699	194 
2700	112 
2701	203 
2702	102 
2703	362 
2704	98 
2705	4 
2706	40 
2707	323 
2708	438 
2709	322 
2710	253 
2711	37 
2712	349 
2713	296 
2714	60 
2715	90 
2716	337 
2717	229 
2718	169 
2719	198 
2720	16 
2721	12 
2722	127 
2723	287 
2724	50 
2725	374 
2726	156 
2727	97 
2728	264 
2729	411 
2730	95 
2731	176 
2732	66 
2733	328 
2734	213 
2735	315 
2736	258 
2737	226 
2738	390 
2739	37 
2740	370 
2741	140 
2742	213 
2743	384 
2744	435 
2745	454 
2746	292 
2747	292 
2748	225 
2749	405 
2750	156 
2751	302 
2752	245 
2753	333 
2754	177 
2755	117 
2756	437 
2757	212 
2758	43 
2759	282 
2760	86 
2761	353 
2762	187 
2763	234 
2764	242 
2765	310 
2766	251 
2767	290 
2768	19 
2769	385 
2770	334 
2771	114 
2772	153 
2773	236 
2774	92 
2775	399 
2776	117 
2777	410 
2778	8 
2779	177 
2780	452 
2781	457 
2782	401 
2783	251 
2784	251 
2785	35 
2786	303 
2787	98 
2788	51 
2789	16 
2790	87 
2791	168 
2792	196 
2793	367 
2794	342 
2795	25 
2796	48 
2797	382 
2798	406 
2799	122 
2800	41 
2801	312 
2802	280 
2803	241 
2804	229 
2805	387 
2806	375 
2807	441 
2808	125 
2809	366 
2810	402 
2811	94 
2812	56 
2813	397 
2814	303 
2815	152 
2816	109 
2817	274 
2818	293 
2819	388 
2820	347 
2821	452 
2822	87 
2823	376 
2824	1 
2825	416 
2826	423 
2827	396 
2828	397 
2829	315 
2830	44 
2831	355 
2832	117 
2833	288 
2834	33 
2835	389 
2836	409 
2837	165 
2838	159 
2839	304 
2840	330 
2841	49 
2842	214 
2843	364 
2844	141 
2845	61 
2846	135 
2847	255 
2848	419 
2849	409 
2850	25 
2851	406 
2852	322 
2853	417 
2854	367 
2855	211 
2856	54 
2857	354 
2858	450 
2859	274 
2860	181 
2861	53 
2862	94 
2863	339 
2864	26 
2865	441 
2866	137 
2867	198 
2868	175 
2869	314 
2870	158 
2871	198 
2872	1 
2873	338 
2874	266 
2875	443 
2876	58 
2877	260 
2878	352 
2879	451 
2880	415 
2881	353 
2882	127 
2883	178 
2884	119 
2885	212 
2886	251 
2887	129 
2888	168 
2889	322 
2890	221 
2891	3 
2892	312 
2893	417 
2894	74 
2895	407 
2896	100 
2897	304 
2898	209 
2899	74 
2900	62 
2901	433 
2902	171 
2903	4 
2904	172 
2905	263 
2906	49 
2907	73 
2908	19 
2909	225 
2910	12 
2911	241 
2912	155 
2913	146 
2914	336 
2915	328 
2916	260 
2917	89 
2918	233 
2919	87 
2920	164 
2921	24 
2922	312 
2923	50 
2924	22 
2925	427 
2926	378 
2927	345 
2928	381 
2929	283 
2930	167 
2931	249 
2932	163 
2933	341 
2934	109 
2935	29 
2936	311 
2937	382 
2938	37 
2939	255 
2940	16 
2941	444 
2942	151 
2943	339 
2944	153 
2945	180 
2946	358 
2947	43 
2948	87 
2949	343 
2950	365 
2951	302 
2952	33 
2953	43 
2954	389 
2955	173 
2956	161 
2957	32 
2958	194 
2959	88 
2960	270 
2961	161 
2962	336 
2963	349 
2964	441 
2965	111 
2966	204 
2967	119 
2968	175 
2969	24 
2970	318 
2971	153 
2972	264 
2973	103 
2974	409 
2975	266 
2976	424 
2977	368 
2978	376 
2979	351 
2980	323 
2981	419 
2982	374 
2983	427 
2984	190 
2985	205 
2986	303 
2987	438 
2988	456 
2989	48 
2990	6 
2991	19 
2992	236 
2993	68 
2994	80 
2995	65 
2996	436 
2997	147 
2998	386 
2999	307 
3000	168 
3001	200 
3002	452 
3003	333 
3004	304 
3005	268 
3006	135 
3007	400 
3008	103 
3009	268 
3010	56 
3011	307 
3012	122 
3013	302 
3014	254 
3015	351 
3016	364 
3017	418 
3018	118 
3019	144 
3020	281 
3021	442 
3022	339 
3023	379 
3024	373 
3025	439 
3026	60 
3027	134 
3028	307 
3029	21 
3030	439 
3031	420 
3032	219 
3033	133 
3034	363 
3035	445 
3036	354 
3037	201 
3038	67 
3039	343 
3040	245 
3041	288 
3042	94 
3043	299 
3044	8 
3045	65 
3046	156 
3047	331 
3048	177 
3049	290 
3050	83 
3051	445 
3052	408 
3053	152 
3054	158 
3055	404 
3056	236 
3057	30 
3058	444 
3059	244 
3060	97 
3061	441 
3062	40 
3063	198 
3064	377 
3065	96 
3066	194 
3067	369 
3068	222 
3069	122 
3070	128 
3071	379 
3072	7 
3073	85 
3074	325 
3075	101 
3076	61 
3077	12 
3078	288 
3079	111 
3080	335 
3081	215 
3082	289 
3083	333 
3084	161 
3085	336 
3086	178 
3087	247 
3088	149 
3089	190 
3090	166 
3091	383 
3092	111 
3093	13 
3094	201 
3095	433 
3096	377 
3097	29 
3098	14 
3099	239 
3100	445 
3101	226 
3102	383 
3103	17 
3104	273 
3105	158 
3106	80 
3107	382 
3108	51 
3109	106 
3110	445 
3111	269 
3112	207 
3113	223 
3114	220 
3115	416 
3116	62 
3117	271 
3118	410 
3119	377 
3120	297 
3121	18 
3122	209 
3123	409 
3124	262 
3125	121 
3126	21 
3127	191 
3128	183 
3129	286 
3130	58 
3131	298 
3132	180 
3133	448 
3134	390 
3135	357 
3136	251 
3137	349 
3138	400 
3139	405 
3140	130 
3141	226 
3142	380 
3143	238 
3144	37 
3145	375 
3146	298 
3147	438 
3148	395 
3149	298 
3150	132 
3151	216 
3152	121 
3153	105 
3154	113 
3155	409 
3156	48 
3157	110 
3158	77 
3159	204 
3160	440 
3161	17 
3162	378 
3163	74 
3164	123 
3165	362 
3166	40 
3167	125 
3168	347 
3169	29 
3170	248 
3171	380 
3172	372 
3173	185 
3174	296 
3175	19 
3176	388 
3177	453 
3178	114 
3179	155 
3180	161 
3181	175 
3182	390 
3183	77 
3184	37 
3185	129 
3186	211 
3187	159 
3188	139 
3189	400 
3190	23 
3191	221 
3192	194 
3193	439 
3194	445 
3195	146 
3196	49 
3197	17 
3198	452 
3199	363 
3200	203 
3201	42 
3202	62 
3203	166 
3204	126 
3205	237 
3206	226 
3207	411 
3208	117 
3209	153 
3210	314 
3211	176 
3212	179 
3213	294 
3214	215 
3215	267 
3216	210 
3217	21 
3218	128 
3219	319 
3220	244 
3221	43 
3222	116 
3223	194 
3224	323 
3225	154 
3226	395 
3227	428 
3228	269 
3229	256 
3230	42 
3231	119 
3232	450 
3233	253 
3234	398 
3235	450 
3236	62 
3237	87 
3238	152 
3239	150 
3240	238 
3241	280 
3242	313 
3243	255 
3244	71 
3245	135 
3246	6 
3247	390 
3248	245 
3249	88 
3250	323 
3251	81 
3252	167 
3253	142 
3254	183 
3255	51 
3256	446 
3257	193 
3258	227 
3259	59 
3260	350 
3261	419 
3262	57 
3263	445 
3264	345 
3265	80 
3266	210 
3267	170 
3268	1 
3269	292 
3270	443 
3271	77 
3272	440 
3273	300 
3274	201 
3275	187 
3276	200 
3277	243 
3278	99 
3279	118 
3280	121 
3281	11 
3282	137 
3283	88 
3284	248 
3285	251 
3286	57 
3287	423 
3288	245 
3289	104 
3290	100 
3291	244 
3292	343 
3293	154 
3294	211 
3295	133 
3296	155 
3297	271 
3298	224 
3299	51 
3300	388 
3301	376 
3302	150 
3303	296 
3304	22 
3305	424 
3306	125 
3307	100 
3308	144 
3309	329 
3310	280 
3311	189 
3312	11 
3313	374 
3314	94 
3315	57 
3316	12 
3317	219 
3318	146 
3319	235 
3320	47 
3321	250 
3322	450 
3323	22 
3324	216 
3325	393 
3326	340 
3327	243 
3328	306 
3329	177 
3330	175 
3331	49 
3332	183 
3333	404 
3334	159 
3335	391 
3336	148 
3337	22 
3338	455 
3339	33 
3340	47 
3341	185 
3342	92 
3343	424 
3344	349 
3345	329 
3346	379 
3347	146 
3348	426 
3349	282 
3350	85 
3351	154 
3352	155 
3353	143 
3354	277 
3355	133 
3356	60 
3357	63 
3358	438 
3359	113 
3360	391 
3361	226 
3362	186 
3363	450 
3364	273 
3365	86 
3366	386 
3367	99 
3368	303 
3369	104 
3370	447 
3371	323 
3372	256 
3373	139 
3374	272 
3375	292 
3376	116 
3377	225 
3378	392 
3379	148 
3380	2 
3381	67 
3382	193 
3383	158 
3384	317 
3385	353 
3386	398 
3387	279 
3388	327 
3389	356 
3390	448 
3391	199 
3392	100 
3393	14 
3394	78 
3395	121 
3396	220 
3397	83 
3398	240 
3399	127 
3400	442 
3401	403 
3402	7 
3403	172 
3404	31 
3405	101 
3406	126 
3407	397 
3408	325 
3409	243 
3410	128 
3411	189 
3412	164 
3413	283 
3414	123 
3415	19 
3416	153 
3417	135 
3418	202 
3419	420 
3420	323 
3421	81 
3422	435 
3423	438 
3424	402 
3425	246 
3426	49 
3427	209 
3428	355 
3429	415 
3430	253 
3431	274 
3432	189 
3433	163 
3434	388 
3435	155 
3436	313 
3437	208 
3438	383 
3439	50 
3440	42 
3441	445 
3442	236 
3443	430 
3444	323 
3445	210 
3446	90 
3447	11 
3448	172 
3449	273 
3450	199 
3451	249 
3452	55 
3453	71 
3454	442 
3455	358 
3456	20 
3457	249 
3458	429 
3459	321 
3460	69 
3461	93 
3462	57 
3463	441 
3464	34 
3465	323 
3466	235 
3467	220 
3468	99 
3469	285 
3470	362 
3471	47 
3472	388 
3473	206 
3474	72 
3475	323 
3476	47 
3477	132 
3478	36 
3479	230 
3480	369 
3481	172 
3482	432 
3483	168 
3484	186 
3485	457 
3486	441 
3487	8 
3488	321 
3489	217 
3490	317 
3491	163 
3492	291 
3493	238 
3494	239 
3495	118 
3496	450 
3497	180 
3498	151 
3499	29 
3500	440 
3501	89 
3502	274 
3503	23 
3504	407 
3505	168 
3506	319 
3507	99 
3508	348 
3509	115 
3510	174 
3511	60 
3512	393 
3513	119 
3514	271 
3515	268 
3516	161 
3517	59 
3518	178 
3519	237 
3520	210 
3521	260 
3522	247 
3523	204 
3524	312 
3525	160 
3526	240 
3527	429 
3528	448 
3529	371 
3530	219 
3531	131 
3532	124 
3533	88 
3534	28 
3535	204 
3536	430 
3537	154 
3538	207 
3539	454 
3540	218 
3541	165 
3542	293 
3543	308 
3544	167 
3545	133 
3546	118 
3547	189 
3548	307 
3549	420 
3550	219 
3551	58 
3552	40 
3553	256 
3554	178 
3555	8 
3556	41 
3557	96 
3558	418 
3559	161 
3560	450 
3561	453 
3562	290 
3563	109 
3564	283 
3565	36 
3566	163 
3567	51 
3568	400 
3569	22 
3570	315 
3571	281 
3572	245 
3573	16 
3574	78 
3575	274 
3576	306 
3577	187 
3578	9 
3579	394 
3580	431 
3581	227 
3582	130 
3583	226 
3584	206 
3585	182 
3586	89 
3587	326 
3588	389 
3589	50 
3590	417 
3591	360 
3592	196 
3593	94 
3594	359 
3595	357 
3596	74 
3597	46 
3598	121 
3599	424 
3600	284 
3601	380 
3602	298 
3603	422 
3604	364 
3605	226 
3606	428 
3607	455 
3608	156 
3609	288 
3610	258 
3611	354 
3612	69 
3613	22 
3614	408 
3615	409 
3616	62 
3617	330 
3618	99 
3619	36 
3620	335 
3621	16 
3622	414 
3623	30 
3624	238 
3625	226 
3626	411 
3627	155 
3628	299 
3629	349 
3630	178 
3631	6 
3632	178 
3633	406 
3634	439 
3635	52 
3636	187 
3637	9 
3638	156 
3639	322 
3640	133 
3641	397 
3642	128 
3643	439 
3644	148 
3645	181 
3646	31 
3647	22 
3648	199 
3649	441 
3650	22 
3651	25 
3652	77 
3653	202 
3654	142 
3655	65 
3656	134 
3657	149 
3658	346 
3659	386 
3660	128 
3661	178 
3662	447 
3663	333 
3664	158 
3665	283 
3666	370 
3667	63 
3668	144 
3669	424 
3670	198 
3671	174 
3672	232 
3673	8 
3674	397 
3675	444 
3676	28 
3677	423 
3678	440 
3679	15 
3680	88 
3681	172 
3682	163 
3683	298 
3684	221 
3685	187 
3686	191 
3687	53 
3688	13 
3689	77 
3690	299 
3691	149 
3692	408 
3693	326 
3694	16 
3695	36 
3696	238 
3697	162 
3698	436 
3699	41 
3700	20 
3701	172 
3702	429 
3703	84 
3704	437 
3705	194 
3706	158 
3707	275 
3708	65 
3709	104 
3710	388 
3711	234 
3712	217 
3713	370 
3714	46 
3715	15 
3716	4 
3717	15 
3718	249 
3719	442 
3720	280 
3721	388 
3722	303 
3723	73 
3724	334 
3725	132 
3726	444 
3727	21 
3728	99 
3729	209 
3730	423 
3731	397 
3732	57 
3733	305 
3734	270 
3735	22 
3736	409 
3737	141 
3738	266 
3739	419 
3740	450 
3741	371 
3742	257 
3743	397 
3744	358 
3745	197 
3746	452 
3747	36 
3748	174 
3749	134 
3750	438 
3751	317 
3752	414 
3753	16 
3754	147 
3755	358 
3756	168 
3757	19 
3758	99 
3759	197 
3760	173 
3761	62 
3762	283 
3763	330 
3764	294 
3765	307 
3766	187 
3767	129 
3768	136 
3769	296 
3770	41 
3771	222 
3772	237 
3773	175 
3774	331 
3775	427 
3776	318 
3777	63 
3778	317 
3779	169 
3780	290 
3781	158 
3782	51 
3783	119 
3784	373 
3785	442 
3786	25 
3787	134 
3788	249 
3789	210 
3790	336 
3791	286 
3792	43 
3793	181 
3794	431 
3795	125 
3796	17 
3797	117 
3798	177 
3799	20 
3800	164 
3801	319 
3802	386 
3803	18 
3804	319 
3805	377 
3806	127 
3807	15 
3808	294 
3809	425 
3810	99 
3811	283 
3812	286 
3813	40 
3814	338 
3815	62 
3816	104 
3817	389 
3818	243 
3819	390 
3820	253 
3821	315 
3822	284 
3823	150 
3824	268 
3825	305 
3826	333 
3827	108 
3828	88 
3829	350 
3830	101 
3831	108 
3832	45 
3833	454 
3834	374 
3835	298 
3836	175 
3837	423 
3838	162 
3839	169 
3840	206 
3841	439 
3842	7 
3843	320 
3844	180 
3845	102 
3846	314 
3847	157 
3848	278 
3849	440 
3850	51 
3851	305 
3852	305 
3853	276 
3854	4 
3855	70 
3856	77 
3857	232 
3858	128 
3859	374 
3860	202 
3861	324 
3862	156 
3863	361 
3864	320 
3865	222 
3866	126 
3867	295 
3868	327 
3869	60 
3870	270 
3871	52 
3872	318 
3873	383 
3874	134 
3875	212 
3876	155 
3877	436 
3878	386 
3879	164 
3880	334 
3881	443 
3882	263 
3883	346 
3884	158 
3885	66 
3886	242 
3887	139 
3888	10 
3889	398 
3890	63 
3891	422 
3892	270 
3893	140 
3894	341 
3895	200 
3896	97 
3897	39 
3898	260 
3899	438 
3900	299 
3901	136 
3902	441 
3903	274 
3904	339 
3905	9 
3906	302 
3907	288 
3908	109 
3909	382 
3910	454 
3911	408 
3912	321 
3913	12 
3914	382 
3915	224 
3916	144 
3917	193 
3918	19 
3919	346 
3920	415 
3921	158 
3922	352 
3923	62 
3924	373 
3925	296 
3926	373 
3927	405 
3928	204 
3929	124 
3930	12 
3931	411 
3932	44 
3933	200 
3934	180 
3935	212 
3936	99 
3937	134 
3938	329 
3939	79 
3940	27 
3941	167 
3942	138 
3943	370 
3944	372 
3945	266 
3946	417 
3947	74 
3948	151 
3949	15 
3950	455 
3951	339 
3952	342 
3953	128 
3954	159 
3955	302 
3956	21 
3957	195 
3958	263 
3959	337 
3960	395 
3961	452 
3962	386 
3963	106 
3964	429 
3965	375 
3966	347 
3967	375 
3968	447 
3969	332 
3970	124 
3971	213 
3972	119 
3973	211 
3974	164 
3975	15 
3976	433 
3977	188 
3978	413 
3979	390 
3980	313 
3981	366 
3982	12 
3983	181 
3984	226 
3985	129 
3986	171 
3987	106 
3988	189 
3989	349 
3990	9 
3991	245 
3992	53 
3993	68 
3994	450 
3995	171 
3996	452 
3997	100 
3998	354 
3999	71 
4000	217 
4001	384 
4002	187 
4003	41 
4004	307 
4005	212 
4006	91 
4007	442 
4008	94 
4009	230 
4010	418 
4011	162 
4012	357 
4013	450 
4014	303 
4015	404 
4016	428 
4017	117 
4018	128 
4019	68 
4020	251 
4021	434 
4022	127 
4023	157 
4024	307 
4025	418 
4026	169 
4027	182 
4028	97 
4029	302 
4030	4 
4031	416 
4032	66 
4033	307 
4034	398 
4035	123 
4036	377 
4037	214 
4038	378 
4039	112 
4040	12 
4041	184 
4042	429 
4043	17 
4044	372 
4045	315 
4046	66 
4047	134 
4048	294 
4049	366 
4050	402 
4051	232 
4052	43 
4053	253 
4054	382 
4055	430 
4056	191 
4057	352 
4058	129 
4059	87 
4060	279 
4061	267 
4062	17 
4063	35 
4064	5 
4065	431 
4066	139 
4067	161 
4068	452 
4069	218 
4070	62 
4071	183 
4072	456 
4073	20 
4074	399 
4075	226 
4076	362 
4077	60 
4078	63 
4079	210 
4080	298 
4081	168 
4082	331 
4083	371 
4084	374 
4085	296 
4086	29 
4087	188 
4088	406 
4089	417 
4090	453 
4091	420 
4092	134 
4093	266 
4094	139 
4095	168 
4096	176 
4097	442 
4098	181 
4099	296 
4100	37 
4101	318 
4102	249 
4103	115 
4104	203 
4105	271 
4106	226 
4107	315 
4108	304 
4109	65 
4110	250 
4111	416 
4112	47 
4113	347 
4114	94 
4115	121 
4116	427 
4117	124 
4118	374 
4119	345 
4120	24 
4121	5 
4122	327 
4123	260 
4124	273 
4125	434 
4126	79 
4127	194 
4128	83 
4129	271 
4130	16 
4131	226 
4132	173 
4133	5 
4134	194 
4135	305 
4136	408 
4137	219 
4138	25 
4139	284 
4140	359 
4141	137 
4142	352 
4143	457 
4144	149 
4145	97 
4146	105 
4147	389 
4148	240 
4149	270 
4150	313 
4151	25 
4152	399 
4153	334 
4154	117 
4155	352 
4156	455 
4157	119 
4158	190 
4159	399 
4160	388 
4161	132 
4162	364 
4163	254 
4164	33 
4165	416 
4166	170 
4167	302 
4168	265 
4169	375 
4170	393 
4171	350 
4172	249 
4173	322 
4174	167 
4175	149 
4176	316 
4177	276 
4178	255 
4179	185 
4180	263 
4181	27 
4182	414 
4183	405 
4184	122 
4185	420 
4186	414 
4187	103 
4188	118 
4189	379 
4190	374 
4191	200 
4192	37 
4193	237 
4194	229 
4195	297 
4196	9 
4197	65 
4198	41 
4199	149 
4200	412 
4201	161 
4202	389 
4203	388 
4204	208 
4205	184 
4206	389 
4207	148 
4208	234 
4209	159 
4210	363 
4211	370 
4212	208 
4213	287 
4214	259 
4215	248 
4216	341 
4217	286 
4218	200 
4219	396 
4220	103 
4221	304 
4222	108 
4223	327 
4224	295 
4225	28 
4226	317 
4227	439 
4228	400 
4229	267 
4230	303 
4231	18 
4232	302 
4233	51 
4234	384 
4235	87 
4236	427 
4237	315 
4238	150 
4239	117 
4240	427 
4241	234 
4242	318 
4243	342 
4244	102 
4245	103 
4246	294 
4247	297 
4248	207 
4249	289 
4250	220 
4251	121 
4252	439 
4253	392 
4254	405 
4255	146 
4256	298 
4257	433 
4258	30 
4259	245 
4260	57 
4261	97 
4262	248 
4263	287 
4264	192 
4265	107 
4266	266 
4267	107 
4268	105 
4269	105 
4270	85 
4271	298 
4272	59 
4273	146 
4274	320 
4275	223 
4276	416 
4277	63 
4278	171 
4279	346 
4280	212 
4281	371 
4282	203 
4283	426 
4284	336 
4285	15 
4286	3 
4287	268 
4288	31 
4289	390 
4290	255 
4291	370 
4292	169 
4293	11 
4294	166 
4295	412 
4296	132 
4297	292 
4298	87 
4299	158 
4300	433 
4301	47 
4302	417 
4303	46 
4304	452 
4305	20 
4306	85 
4307	274 
4308	250 
4309	358 
4310	47 
4311	104 
4312	429 
4313	203 
4314	97 
4315	404 
4316	104 
4317	104 
4318	145 
4319	357 
4320	138 
4321	175 
4322	103 
4323	169 
4324	375 
4325	230 
4326	318 
4327	25 
4328	360 
4329	398 
4330	392 
4331	328 
4332	232 
4333	101 
4334	22 
4335	410 
4336	229 
4337	301 
4338	360 
4339	2 
4340	361 
4341	105 
4342	152 
4343	223 
4344	444 
4345	447 
4346	12 
4347	195 
4348	19 
4349	38 
4350	65 
4351	435 
4352	296 
4353	296 
4354	278 
4355	338 
4356	341 
4357	62 
4358	183 
4359	399 
4360	65 
4361	273 
4362	151 
4363	219 
4364	194 
4365	192 
4366	84 
4367	352 
4368	325 
4369	167 
4370	382 
4371	173 
4372	268 
4373	97 
4374	298 
4375	368 
4376	408 
4377	429 
4378	23 
4379	340 
4380	199 
4381	117 
4382	123 
4383	373 
4384	406 
4385	371 
4386	250 
4387	325 
4388	428 
4389	84 
4390	42 
4391	3 
4392	422 
4393	52 
4394	255 
4395	133 
4396	316 
4397	288 
4398	332 
4399	57 
4400	3 
4401	175 
4402	405 
4403	236 
4404	373 
4405	88 
4406	66 
4407	147 
4408	322 
4409	427 
4410	226 
4411	234 
4412	82 
4413	266 
4414	247 
4415	259 
4416	376 
4417	328 
4418	370 
4419	185 
4420	55 
4421	286 
4422	428 
4423	24 
4424	35 
4425	395 
4426	436 
4427	130 
4428	217 
4429	445 
4430	403 
4431	14 
4432	63 
4433	426 
4434	36 
4435	268 
4436	400 
4437	10 
4438	322 
4439	164 
4440	201 
4441	450 
4442	165 
4443	287 
4444	323 
4445	178 
4446	44 
4447	313 
4448	89 
4449	212 
4450	115 
4451	177 
4452	150 
4453	192 
4454	231 
4455	79 
4456	111 
4457	303 
4458	337 
4459	436 
4460	12 
4461	137 
4462	399 
4463	194 
4464	443 
4465	248 
4466	74 
4467	190 
4468	51 
4469	67 
4470	214 
4471	289 
4472	10 
4473	115 
4474	417 
4475	156 
4476	211 
4477	396 
4478	112 
4479	144 
4480	163 
4481	388 
4482	170 
4483	118 
4484	179 
4485	43 
4486	67 
4487	455 
4488	377 
4489	170 
4490	220 
4491	14 
4492	418 
4493	440 
4494	267 
4495	410 
4496	132 
4497	429 
4498	26 
4499	183 
4500	350 
4501	406 
4502	379 
4503	321 
4504	200 
4505	100 
4506	452 
4507	106 
4508	205 
4509	335 
4510	20 
4511	29 
4512	118 
4513	382 
4514	26 
4515	441 
4516	175 
4517	255 
4518	113 
4519	161 
4520	457 
4521	149 
4522	354 
4523	398 
4524	3 
4525	334 
4526	258 
4527	336 
4528	71 
4529	333 
4530	396 
4531	112 
4532	365 
4533	427 
4534	418 
4535	261 
4536	62 
4537	78 
4538	163 
4539	112 
4540	332 
4541	446 
4542	225 
4543	62 
4544	67 
4545	117 
4546	263 
4547	105 
4548	384 
4549	197 
4550	78 
4551	276 
4552	108 
4553	385 
4554	66 
4555	57 
4556	8 
4557	290 
4558	259 
4559	23 
4560	313 
4561	246 
4562	79 
4563	216 
4564	15 
4565	419 
4566	159 
4567	457 
4568	385 
4569	304 
4570	70 
4571	321 
4572	382 
4573	419 
4574	213 
4575	445 
4576	450 
4577	15 
4578	366 
4579	285 
4580	337 
4581	307 
4582	119 
4583	98 
4584	266 
4585	305 
4586	321 
4587	129 
4588	298 
4589	126 
4590	305 
4591	251 
4592	440 
4593	98 
4594	316 
4595	1 
4596	405 
4597	114 
4598	442 
4599	247 
4600	219 
4601	79 
4602	140 
4603	118 
4604	452 
4605	302 
4606	377 
4607	407 
4608	161 
4609	42 
4610	244 
4611	303 
4612	301 
4613	121 
4614	188 
4615	60 
4616	117 
4617	230 
4618	444 
4619	173 
4620	285 
4621	132 
4622	300 
4623	371 
4624	130 
4625	286 
4626	17 
4627	159 
4628	297 
4629	454 
4630	261 
4631	94 
4632	318 
4633	436 
4634	183 
4635	7 
4636	247 
4637	44 
4638	112 
4639	163 
4640	204 
4641	221 
4642	422 
4643	163 
4644	87 
4645	17 
4646	417 
4647	316 
4648	183 
4649	342 
4650	379 
4651	362 
4652	338 
4653	300 
4654	363 
4655	370 
4656	114 
4657	117 
4658	77 
4659	11 
4660	436 
4661	390 
4662	148 
4663	114 
4664	440 
4665	214 
4666	295 
4667	124 
4668	204 
4669	378 
4670	142 
4671	452 
4672	99 
4673	232 
4674	179 
4675	154 
4676	267 
4677	305 
4678	1 
4679	251 
4680	339 
4681	424 
4682	119 
4683	367 
4684	156 
4685	47 
4686	56 
4687	3 
4688	264 
4689	357 
4690	442 
4691	268 
4692	163 
4693	253 
4694	392 
4695	362 
4696	38 
4697	93 
4698	231 
4699	395 
4700	165 
4701	212 
4702	444 
4703	177 
4704	406 
4705	394 
4706	12 
4707	309 
4708	409 
4709	14 
4710	248 
4711	230 
4712	355 
4713	3 
4714	183 
4715	373 
4716	264 
4717	135 
4718	209 
4719	287 
4720	385 
4721	154 
4722	95 
4723	68 
4724	128 
4725	111 
4726	97 
4727	163 
4728	400 
4729	454 
4730	428 
4731	30 
4732	47 
4733	262 
4734	107 
4735	330 
4736	52 
4737	325 
4738	141 
4739	406 
4740	333 
4741	255 
4742	216 
4743	169 
4744	216 
4745	170 
4746	327 
4747	189 
4748	249 
4749	209 
4750	186 
4751	57 
4752	297 
4753	298 
4754	45 
4755	207 
4756	264 
4757	3 
4758	48 
4759	77 
4760	94 
4761	246 
4762	143 
4763	85 
4764	456 
4765	143 
4766	57 
4767	418 
4768	77 
4769	340 
4770	103 
4771	25 
4772	457 
4773	285 
4774	443 
4775	347 
4776	327 
4777	3 
4778	451 
4779	366 
4780	175 
4781	451 
4782	46 
4783	416 
4784	231 
4785	60 
4786	124 
4787	382 
4788	74 
4789	400 
4790	296 
4791	341 
4792	167 
4793	94 
4794	119 
4795	425 
4796	258 
4797	135 
4798	163 
4799	445 
4800	65 
4801	317 
4802	428 
4803	169 
4804	417 
4805	392 
4806	75 
4807	275 
4808	264 
4809	285 
4810	259 
4811	203 
4812	337 
4813	318 
4814	394 
4815	224 
4816	155 
4817	15 
4818	197 
4819	39 
4820	333 
4821	370 
4822	315 
4823	418 
4824	74 
4825	121 
4826	425 
4827	47 
4828	50 
4829	412 
4830	108 
4831	88 
4832	450 
4833	181 
4834	120 
4835	206 
4836	296 
4837	361 
4838	78 
4839	240 
4840	148 
4841	158 
4842	375 
4843	43 
4844	158 
4845	439 
4846	327 
4847	429 
4848	149 
4849	65 
4850	333 
4851	372 
4852	128 
4853	239 
4854	456 
4855	192 
4856	335 
4857	95 
4858	298 
4859	147 
4860	111 
4861	46 
4862	305 
4863	65 
4864	261 
4865	45 
4866	416 
4867	12 
4868	74 
4869	232 
4870	219 
4871	288 
4872	341 
4873	8 
4874	254 
4875	139 
4876	11 
4877	112 
4878	446 
4879	128 
4880	456 
4881	36 
4882	415 
4883	289 
4884	316 
4885	74 
4886	23 
4887	21 
4888	340 
4889	17 
4890	201 
4891	106 
4892	117 
4893	248 
4894	451 
4895	186 
4896	20 
4897	122 
4898	262 
4899	294 
4900	156 
4901	101 
4902	106 
4903	167 
4904	26 
4905	165 
4906	197 
4907	265 
4908	21 
4909	154 
4910	204 
4911	404 
4912	327 
4913	447 
4914	52 
4915	420 
4916	447 
4917	102 
4918	399 
4919	64 
4920	34 
4921	327 
4922	312 
4923	22 
4924	257 
4925	8 
4926	177 
4927	165 
4928	220 
4929	382 
4930	415 
4931	260 
4932	307 
4933	373 
4934	266 
4935	255 
4936	145 
4937	27 
4938	408 
4939	156 
4940	450 
4941	112 
4942	420 
4943	455 
4944	271 
4945	197 
4946	301 
4947	290 
4948	137 
4949	304 
4950	268 
4951	237 
4952	297 
4953	128 
4954	41 
4955	23 
4956	257 
4957	296 
4958	318 
4959	296 
4960	185 
4961	452 
4962	415 
4963	152 
4964	436 
4965	276 
4966	315 
4967	92 
4968	384 
4969	187 
4970	196 
4971	107 
4972	168 
4973	159 
4974	101 
4975	121 
4976	159 
4977	333 
4978	423 
4979	156 
4980	217 
4981	219 
4982	211 
4983	365 
4984	70 
4985	207 
4986	146 
4987	298 
4988	125 
4989	261 
4990	346 
4991	167 
4992	209 
4993	257 
4994	270 
4995	79 
4996	166 
4997	231 
4998	346 
4999	209 
5000	444 
5001	353 
5002	162 
5003	203 
5004	309 
5005	243 
5006	124 
5007	415 
5008	97 
5009	451 
5010	135 
5011	289 
5012	345 
5013	405 
5014	412 
5015	150 
5016	66 
5017	158 
5018	196 
5019	123 
5020	177 
5021	286 
5022	446 
5023	419 
5024	197 
5025	78 
5026	94 
5027	285 
5028	258 
5029	375 
5030	87 
5031	458 
5032	230 
5033	243 
5034	185 
5035	271 
5036	262 
5037	139 
5038	354 
5039	52 
5040	105 
5041	257 
5042	360 
5043	210 
5044	64 
5045	93 
5046	416 
5047	38 
5048	257 
5049	450 
5050	162 
5051	405 
5052	162 
5053	400 
5054	458 
5055	224 
5056	234 
5057	358 
5058	288 
5059	206 
5060	261 
5061	162 
5062	88 
5063	106 
5064	172 
5065	403 
5066	209 
5067	230 
5068	152 
5069	313 
5070	434 
5071	20 
5072	336 
5073	383 
5074	23 
5075	287 
5076	172 
5077	201 
5078	97 
5079	88 
5080	17 
5081	382 
5082	226 
5083	396 
5084	313 
5085	99 
5086	375 
5087	47 
5088	399 
5089	326 
5090	4 
5091	64 
5092	156 
5093	166 
5094	125 
5095	246 
5096	353 
5097	452 
5098	163 
5099	314 
5100	390 
5101	148 
5102	275 
5103	6 
5104	85 
5105	192 
5106	326 
5107	361 
5108	17 
5109	12 
5110	297 
5111	263 
5112	284 
5113	254 
5114	382 
5115	443 
5116	320 
5117	119 
5118	247 
5119	54 
5120	36 
5121	394 
5122	265 
5123	99 
5124	16 
5125	46 
5126	443 
5127	417 
5128	288 
5129	438 
5130	161 
5131	220 
5132	221 
5133	288 
5134	410 
5135	120 
5136	279 
5137	318 
5138	312 
5139	166 
5140	376 
5141	417 
5142	135 
5143	219 
5144	392 
5145	254 
5146	177 
5147	301 
5148	159 
5149	183 
5150	331 
5151	70 
5152	213 
5153	418 
5154	255 
5155	100 
5156	247 
5157	192 
5158	12 
5159	375 
5160	364 
5161	453 
5162	428 
5163	152 
5164	394 
5165	157 
5166	190 
5167	242 
5168	289 
5169	118 
5170	418 
5171	57 
5172	145 
5173	288 
5174	416 
5175	341 
5176	133 
5177	409 
5178	455 
5179	355 
5180	275 
5181	182 
5182	54 
5183	373 
5184	13 
5185	141 
5186	270 
5187	288 
5188	392 
5189	423 
5190	284 
5191	212 
5192	422 
5193	55 
5194	290 
5195	31 
5196	213 
5197	208 
5198	424 
5199	167 
5200	27 
5201	249 
5202	456 
5203	42 
5204	373 
5205	86 
5206	36 
5207	183 
5208	212 
5209	120 
5210	253 
5211	141 
5212	404 
5213	220 
5214	5 
5215	409 
5216	30 
5217	366 
5218	99 
5219	363 
5220	183 
5221	103 
5222	220 
5223	166 
5224	24 
5225	92 
5226	54 
5227	47 
5228	200 
5229	149 
5230	285 
5231	8 
5232	301 
5233	112 
5234	158 
5235	185 
5236	89 
5237	27 
5238	452 
5239	200 
5240	156 
5241	387 
5242	292 
5243	374 
5244	345 
5245	257 
5246	139 
5247	181 
5248	413 
5249	390 
5250	224 
5251	87 
5252	166 
5253	276 
5254	44 
5255	144 
5256	366 
5257	112 
5258	94 
5259	193 
5260	177 
5261	12 
5262	75 
5263	318 
5264	239 
5265	417 
5266	382 
5267	219 
5268	114 
5269	250 
5270	189 
5271	209 
5272	25 
5273	221 
5274	372 
5275	406 
5276	236 
5277	180 
5278	183 
5279	60 
5280	164 
5281	88 
5282	206 
5283	274 
5284	36 
5285	111 
5286	412 
5287	82 
5288	181 
5289	200 
5290	187 
5291	437 
5292	134 
5293	265 
5294	327 
5295	43 
5296	427 
5297	120 
5298	43 
5299	45 
5300	298 
5301	312 
5302	38 
5303	229 
5304	172 
5305	455 
5306	452 
5307	239 
5308	194 
5309	290 
5310	176 
5311	423 
5312	330 
5313	325 
5314	45 
5315	194 
5316	15 
5317	84 
5318	183 
5319	399 
5320	146 
5321	304 
5322	171 
5323	282 
5324	130 
5325	99 
5326	353 
5327	385 
5328	89 
5329	6 
5330	70 
5331	262 
5332	422 
5333	185 
5334	48 
5335	263 
5336	391 
5337	51 
5338	366 
5339	73 
5340	259 
5341	197 
5342	18 
5343	77 
5344	163 
5345	11 
5346	122 
5347	325 
5348	210 
5349	244 
5350	394 
5351	173 
5352	121 
5353	416 
5354	3 
5355	411 
5356	36 
5357	423 
5358	132 
5359	249 
5360	105 
5361	429 
5362	320 
5363	75 
5364	122 
5365	1 
5366	125 
5367	4 
5368	365 
5369	321 
5370	333 
5371	117 
5372	15 
5373	319 
5374	42 
5375	373 
5376	197 
5377	392 
5378	355 
5379	365 
5380	298 
5381	172 
5382	70 
5383	97 
5384	204 
5385	22 
5386	126 
5387	320 
5388	134 
5389	442 
5390	35 
5391	83 
5392	73 
5393	46 
5394	251 
5395	101 
5396	89 
5397	282 
5398	111 
5399	399 
5400	290 
5401	124 
5402	296 
5403	113 
5404	10 
5405	456 
5406	77 
5407	239 
5408	270 
5409	57 
5410	187 
5411	247 
5412	174 
5413	343 
5414	229 
5415	392 
5416	238 
5417	222 
5418	234 
5419	248 
5420	349 
5421	62 
5422	359 
5423	395 
5424	247 
5425	158 
5426	295 
5427	137 
5428	187 
5429	150 
5430	355 
5431	69 
5432	414 
5433	262 
5434	368 
5435	30 
5436	288 
5437	172 
5438	69 
5439	217 
5440	322 
5441	169 
5442	455 
5443	189 
5444	50 
5445	46 
5446	97 
5447	182 
5448	136 
5449	318 
5450	259 
5451	341 
5452	175 
5453	378 
5454	265 
5455	304 
5456	361 
5457	327 
5458	240 
5459	198 
5460	399 
5461	388 
5462	431 
5463	89 
5464	332 
5465	216 
5466	23 
5467	89 
5468	99 
5469	392 
5470	373 
5471	170 
5472	271 
5473	4 
5474	396 
5475	163 
5476	26 
5477	382 
5478	46 
5479	410 
5480	403 
5481	446 
5482	402 
5483	158 
5484	95 
5485	130 
5486	86 
5487	315 
5488	341 
5489	362 
5490	312 
5491	178 
5492	58 
5493	117 
5494	173 
5495	318 
5496	3 
5497	412 
5498	426 
5499	378 
5500	251 
5501	66 
5502	341 
5503	441 
5504	123 
5505	211 
5506	452 
5507	262 
5508	442 
5509	362 
5510	118 
5511	380 
5512	42 
5513	411 
5514	211 
5515	294 
5516	15 
5517	450 
5518	313 
5519	124 
5520	42 
5521	313 
5522	172 
5523	137 
5524	65 
5525	454 
5526	267 
5527	387 
5528	24 
5529	350 
5530	40 
5531	194 
5532	307 
5533	104 
5534	161 
5535	12 
5536	246 
5537	241 
5538	238 
5539	370 
5540	238 
5541	159 
5542	458 
5543	350 
5544	70 
5545	154 
5546	134 
5547	451 
5548	117 
5549	431 
5550	51 
5551	428 
5552	165 
5553	456 
5554	193 
5555	417 
5556	138 
5557	117 
5558	21 
5559	427 
5560	52 
5561	107 
5562	119 
5563	429 
5564	377 
5565	328 
5566	146 
5567	145 
5568	121 
5569	113 
5570	99 
5571	82 
5572	153 
5573	259 
5574	286 
5575	280 
5576	402 
5577	343 
5578	332 
5579	280 
5580	429 
5581	209 
5582	240 
5583	240 
5584	220 
5585	361 
5586	296 
5587	298 
5588	340 
5589	133 
5590	130 
5591	292 
5592	143 
5593	15 
5594	442 
5595	159 
5596	57 
5597	440 
5598	391 
5599	177 
5600	164 
5601	274 
5602	178 
5603	179 
5604	410 
5605	119 
5606	57 
5607	437 
5608	36 
5609	389 
5610	70 
5611	317 
5612	6 
5613	368 
5614	374 
5615	88 
5616	409 
5617	317 
5618	127 
5619	373 
5620	314 
5621	300 
5622	387 
5623	320 
5624	124 
5625	335 
5626	95 
5627	141 
5628	370 
5629	194 
5630	88 
5631	362 
5632	276 
5633	290 
5634	97 
5635	373 
5636	440 
5637	378 
5638	66 
5639	25 
5640	106 
5641	251 
5642	238 
5643	307 
5644	87 
5645	225 
5646	191 
5647	168 
5648	209 
5649	128 
5650	86 
5651	416 
5652	444 
5653	186 
5654	205 
5655	450 
5656	108 
5657	139 
5658	60 
5659	391 
5660	206 
5661	5 
5662	152 
5663	298 
5664	424 
5665	138 
5666	223 
5667	18 
5668	359 
5669	297 
5670	119 
5671	433 
5672	42 
5673	214 
5674	271 
5675	212 
5676	452 
5677	97 
5678	21 
5679	139 
5680	234 
5681	364 
5682	334 
5683	330 
5684	167 
5685	158 
5686	77 
5687	243 
5688	242 
5689	431 
5690	330 
5691	439 
5692	20 
5693	436 
5694	313 
5695	192 
5696	183 
5697	397 
5698	354 
5699	410 
5700	123 
5701	261 
5702	173 
5703	402 
5704	359 
5705	63 
5706	2 
5707	27 
5708	454 
5709	331 
5710	123 
5711	94 
5712	302 
5713	349 
5714	1 
5715	312 
5716	284 
5717	170 
5718	374 
5719	302 
5720	417 
5721	161 
5722	77 
5723	94 
5724	437 
5725	214 
5726	208 
5727	440 
5728	187 
5729	382 
5730	312 
5731	98 
5732	286 
5733	416 
5734	183 
5735	26 
5736	40 
5737	253 
5738	198 
5739	97 
5740	218 
5741	294 
5742	117 
5743	267 
5744	135 
5745	458 
5746	307 
5747	2 
5748	211 
5749	444 
5750	50 
5751	165 
5752	435 
5753	86 
5754	98 
5755	405 
5756	39 
5757	258 
5758	66 
5759	367 
5760	312 
5761	238 
5762	1 
5763	117 
5764	456 
5765	10 
5766	289 
5767	297 
5768	241 
5769	29 
5770	12 
5771	370 
5772	334 
5773	185 
5774	106 
5775	455 
5776	88 
5777	17 
5778	435 
5779	98 
5780	325 
5781	112 
5782	336 
5783	333 
5784	355 
5785	457 
5786	372 
5787	336 
5788	330 
5789	413 
5790	346 
5791	122 
5792	158 
5793	425 
5794	44 
5795	273 
5796	212 
5797	12 
5798	16 
5799	275 
5800	205 
5801	196 
5802	429 
5803	234 
5804	444 
5805	88 
5806	302 
5807	138 
5808	42 
5809	278 
5810	47 
5811	436 
5812	294 
5813	333 
5814	171 
5815	206 
5816	213 
5817	335 
5818	27 
5819	175 
5820	1 
5821	66 
5822	433 
5823	380 
5824	101 
5825	287 
5826	296 
5827	363 
5828	295 
5829	279 
5830	192 
5831	333 
5832	14 
5833	101 
5834	107 
5835	69 
5836	243 
5837	112 
5838	238 
5839	55 
5840	418 
5841	216 
5842	140 
5843	169 
5844	213 
5845	171 
5846	423 
5847	333 
5848	89 
5849	257 
5850	373 
5851	104 
5852	92 
5853	23 
5854	113 
5855	78 
5856	362 
5857	288 
5858	94 
5859	267 
5860	377 
5861	302 
5862	171 
5863	359 
5864	396 
5865	242 
5866	120 
5867	329 
5868	376 
5869	376 
5870	418 
5871	146 
5872	16 
5873	151 
5874	238 
5875	380 
5876	48 
5877	231 
5878	188 
5879	388 
5880	284 
5881	380 
5882	265 
5883	140 
5884	239 
5885	163 
5886	47 
5887	301 
5888	358 
5889	147 
5890	388 
5891	456 
5892	358 
5893	458 
5894	179 
5895	418 
5896	70 
5897	213 
5898	382 
5899	297 
5900	429 
5901	307 
5902	148 
5903	21 
5904	317 
5905	62 
5906	117 
5907	65 
5908	335 
5909	144 
5910	5 
5911	247 
5912	445 
5913	184 
5914	297 
5915	95 
5916	418 
5917	261 
5918	15 
5919	225 
5920	23 
5921	329 
5922	186 
5923	241 
5924	185 
5925	457 
5926	112 
5927	436 
5928	15 
5929	178 
5930	219 
5931	226 
5932	83 
5933	51 
5934	366 
5935	409 
5936	437 
5937	166 
5938	181 
5939	88 
5940	280 
5941	380 
5942	143 
5943	424 
5944	273 
5945	136 
5946	375 
5947	100 
5948	327 
5949	158 
5950	87 
5951	9 
5952	168 
5953	242 
5954	385 
5955	169 
5956	405 
5957	436 
5958	162 
5959	388 
5960	185 
5961	334 
5962	315 
5963	213 
5964	175 
5965	120 
5966	62 
5967	423 
5968	22 
5969	425 
5970	112 
5971	335 
5972	195 
5973	276 
5974	358 
5975	374 
5976	454 
5977	223 
5978	318 
5979	155 
5980	246 
5981	190 
5982	74 
5983	89 
5984	406 
5985	264 
5986	67 
5987	75 
5988	423 
5989	188 
5990	128 
5991	398 
5992	196 
5993	172 
5994	167 
5995	404 
5996	133 
5997	212 
5998	414 
5999	318 
6000	163 
6001	426 
6002	137 
6003	73 
6004	15 
6005	414 
6006	316 
6007	229 
6008	121 
6009	411 
6010	4 
6011	431 
6012	326 
6013	135 
6014	300 
6015	79 
6016	26 
6017	164 
6018	16 
6019	294 
6020	260 
6021	48 
6022	238 
6023	210 
6024	382 
6025	288 
6026	204 
6027	29 
6028	410 
6029	205 
6030	187 
6031	112 
6032	410 
6033	106 
6034	331 
6035	278 
6036	104 
6037	41 
6038	185 
6039	416 
6040	396 
6041	174 
6042	143 
6043	406 
6044	290 
6045	66 
6046	136 
6047	168 
6048	440 
6049	297 
6050	425 
6051	396 
6052	203 
6053	77 
6054	370 
6055	192 
6056	9 
6057	414 
6058	179 
6059	332 
6060	429 
6061	362 
6062	145 
6063	174 
6064	22 
6065	217 
6066	161 
6067	169 
6068	20 
6069	147 
6070	416 
6071	249 
6072	107 
6073	220 
6074	149 
6075	47 
6076	267 
6077	303 
6078	257 
6079	328 
6080	307 
6081	234 
6082	450 
6083	441 
6084	213 
6085	226 
6086	276 
6087	328 
6088	3 
6089	145 
6090	103 
6091	339 
6092	167 
6093	441 
6094	179 
6095	447 
6096	362 
6097	208 
6098	51 
6099	166 
6100	133 
6101	456 
6102	64 
6103	77 
6104	396 
6105	133 
6106	242 
6107	208 
6108	366 
6109	70 
6110	452 
6111	268 
6112	249 
6113	274 
6114	267 
6115	440 
6116	44 
6117	86 
6118	416 
6119	152 
6120	48 
6121	69 
6122	205 
6123	63 
6124	413 
6125	323 
6126	48 
6127	192 
6128	397 
6129	51 
6130	187 
6131	6 
6132	374 
6133	406 
6134	368 
6135	294 
6136	107 
6137	15 
6138	99 
6139	128 
6140	127 
6141	203 
6142	225 
6143	304 
6144	165 
6145	190 
6146	330 
6147	47 
6148	99 
6149	155 
6150	417 
6151	247 
6152	394 
6153	220 
6154	144 
6155	406 
6156	1 
6157	98 
6158	389 
6159	278 
6160	376 
6161	265 
6162	198 
6163	397 
6164	388 
6165	210 
6166	24 
6167	16 
6168	219 
6169	279 
6170	298 
6171	181 
6172	120 
6173	14 
6174	405 
6175	143 
6176	184 
6177	143 
6178	212 
6179	237 
6180	47 
6181	141 
6182	42 
6183	6 
6184	207 
6185	144 
6186	377 
6187	249 
6188	240 
6189	329 
6190	319 
6191	362 
6192	93 
6193	84 
6194	445 
6195	442 
6196	427 
6197	456 
6198	44 
6199	201 
6200	176 
6201	212 
6202	241 
6203	147 
6204	303 
6205	375 
6206	36 
6207	439 
6208	185 
6209	25 
6210	123 
6211	267 
6212	138 
6213	410 
6214	83 
6215	204 
6216	178 
6217	352 
6218	302 
6219	400 
6220	194 
6221	298 
6222	385 
6223	260 
6224	438 
6225	382 
6226	362 
6227	183 
6228	119 
6229	328 
6230	138 
6231	192 
6232	92 
6233	185 
6234	276 
6235	416 
6236	304 
6237	387 
6238	255 
6239	99 
6240	154 
6241	136 
6242	1 
6243	303 
6244	297 
6245	163 
6246	418 
6247	155 
6248	35 
6249	161 
6250	357 
6251	104 
6252	134 
6253	305 
6254	143 
6255	192 
6256	384 
6257	26 
6258	349 
6259	312 
6260	411 
6261	226 
6262	313 
6263	105 
6264	241 
6265	297 
6266	6 
6267	66 
6268	399 
6269	313 
6270	156 
6271	29 
6272	249 
6273	379 
6274	141 
6275	441 
6276	439 
6277	11 
6278	450 
6279	60 
6280	411 
6281	69 
6282	9 
6283	204 
6284	188 
6285	50 
6286	14 
6287	217 
6288	251 
6289	226 
6290	201 
6291	423 
6292	375 
6293	17 
6294	320 
6295	130 
6296	7 
6297	458 
6298	271 
6299	117 
6300	63 
6301	385 
6302	198 
6303	420 
6304	377 
6305	394 
6306	89 
6307	190 
6308	354 
6309	290 
6310	51 
6311	149 
6312	391 
6313	38 
6314	161 
6315	185 
6316	427 
6317	443 
6318	323 
6319	52 
6320	251 
6321	355 
6322	187 
6323	219 
6324	429 
6325	231 
6326	304 
6327	350 
6328	384 
6329	88 
6330	422 
6331	17 
6332	253 
6333	161 
6334	270 
6335	325 
6336	247 
6337	265 
6338	51 
6339	266 
6340	270 
6341	126 
6342	405 
6343	137 
6344	87 
6345	168 
6346	28 
6347	312 
6348	349 
6349	218 
6350	300 
6351	366 
6352	93 
6353	73 
6354	260 
6355	196 
6356	333 
6357	39 
6358	264 
6359	268 
6360	127 
6361	200 
6362	196 
6363	216 
6364	82 
6365	140 
6366	46 
6367	158 
6368	163 
6369	294 
6370	223 
6371	93 
6372	44 
6373	75 
6374	244 
6375	138 
6376	385 
6377	60 
6378	48 
6379	245 
6380	225 
6381	147 
6382	155 
6383	416 
6384	167 
6385	417 
6386	318 
6387	123 
6388	15 
6389	319 
6390	38 
6391	243 
6392	139 
6393	48 
6394	349 
6395	442 
6396	158 
6397	209 
6398	226 
6399	439 
6400	267 
6401	439 
6402	410 
6403	17 
6404	22 
6405	245 
6406	18 
6407	35 
6408	376 
6409	145 
6410	288 
6411	55 
6412	427 
6413	265 
6414	234 
6415	145 
6416	57 
6417	84 
6418	347 
6419	406 
6420	275 
6421	165 
6422	45 
6423	41 
6424	242 
6425	43 
6426	15 
6427	349 
6428	180 
6429	40 
6430	46 
6431	249 
6432	241 
6433	443 
6434	455 
6435	1 
6436	214 
6437	16 
6438	331 
6439	25 
6440	337 
6441	15 
6442	380 
6443	88 
6444	225 
6445	211 
6446	3 
6447	86 
6448	315 
6449	261 
6450	210 
6451	62 
6452	204 
6453	375 
6454	156 
6455	60 
6456	358 
6457	100 
6458	5 
6459	439 
6460	121 
6461	223 
6462	52 
6463	145 
6464	450 
6465	255 
6466	143 
6467	46 
6468	455 
6469	95 
6470	87 
6471	87 
6472	141 
6473	238 
6474	242 
6475	136 
6476	189 
6477	119 
6478	259 
6479	156 
6480	399 
6481	303 
6482	209 
6483	225 
6484	397 
6485	213 
6486	431 
6487	346 
6488	126 
6489	217 
6490	270 
6491	65 
6492	313 
6493	134 
6494	249 
6495	400 
6496	360 
6497	75 
6498	105 
6499	23 
6500	446 
6501	454 
6502	400 
6503	409 
6504	28 
6505	322 
6506	122 
6507	213 
6508	418 
6509	70 
6510	51 
6511	94 
6512	122 
6513	258 
6514	312 
6515	36 
6516	31 
6517	161 
6518	175 
6519	36 
6520	19 
6521	187 
6522	101 
6523	138 
6524	23 
6525	69 
6526	452 
6527	50 
6528	21 
6529	99 
6530	165 
6531	66 
6532	218 
6533	11 
6534	456 
6535	379 
6536	3 
6537	244 
6538	334 
6539	300 
6540	317 
6541	51 
6542	454 
6543	118 
6544	275 
6545	60 
6546	192 
6547	124 
6548	27 
6549	198 
6550	161 
6551	422 
6552	138 
6553	167 
6554	290 
6555	346 
6556	315 
6557	84 
6558	127 
6559	104 
6560	79 
6561	2 
6562	57 
6563	29 
6564	99 
6565	179 
6566	204 
6567	143 
6568	318 
6569	46 
6570	26 
6571	41 
6572	353 
6573	158 
6574	103 
6575	295 
6576	144 
6577	217 
6578	268 
6579	450 
6580	3 
6581	7 
6582	441 
6583	26 
6584	190 
6585	325 
6586	422 
6587	340 
6588	66 
6589	103 
6590	225 
6591	94 
6592	327 
6593	39 
6594	454 
6595	392 
6596	198 
6597	298 
6598	162 
6599	79 
6600	6 
6601	249 
6602	396 
6603	88 
6604	392 
6605	339 
6606	294 
6607	390 
6608	95 
6609	245 
6610	134 
6611	82 
6612	279 
6613	329 
6614	276 
6615	373 
6616	164 
6617	373 
6618	128 
6619	329 
6620	333 
6621	361 
6622	424 
6623	303 
6624	121 
6625	57 
6626	137 
6627	400 
6628	122 
6629	226 
6630	204 
6631	162 
6632	292 
6633	208 
6634	337 
6635	382 
6636	214 
6637	38 
6638	75 
6639	396 
6640	327 
6641	200 
6642	185 
6643	354 
6644	14 
6645	176 
6646	152 
6647	210 
6648	204 
6649	45 
6650	457 
6651	358 
6652	442 
6653	28 
6654	184 
6655	175 
6656	452 
6657	274 
6658	64 
6659	414 
6660	303 
6661	127 
6662	106 
6663	162 
6664	30 
6665	260 
6666	162 
6667	95 
6668	436 
6669	234 
6670	38 
6671	87 
6672	440 
6673	244 
6674	423 
6675	182 
6676	251 
6677	337 
6678	161 
6679	237 
6680	259 
6681	442 
6682	322 
6683	441 
6684	63 
6685	69 
6686	355 
6687	133 
6688	30 
6689	51 
6690	276 
6691	253 
6692	123 
6693	355 
6694	15 
6695	279 
6696	455 
6697	249 
6698	51 
6699	444 
6700	14 
6701	298 
6702	15 
6703	382 
6704	99 
6705	273 
6706	237 
6707	398 
6708	21 
6709	439 
6710	264 
6711	31 
6712	425 
6713	22 
6714	177 
6715	106 
6716	79 
6717	247 
6718	151 
6719	249 
6720	237 
6721	39 
6722	328 
6723	44 
6724	69 
6725	207 
6726	316 
6727	93 
6728	322 
6729	349 
6730	410 
6731	450 
6732	375 
6733	353 
6734	7 
6735	149 
6736	438 
6737	175 
6738	225 
6739	315 
6740	346 
6741	340 
6742	273 
6743	51 
6744	216 
6745	336 
6746	334 
6747	183 
6748	366 
6749	455 
6750	456 
6751	329 
6752	195 
6753	36 
6754	226 
6755	323 
6756	322 
6757	87 
6758	244 
6759	259 
6760	447 
6761	253 
6762	124 
6763	370 
6764	316 
6765	155 
6766	204 
6767	294 
6768	23 
6769	212 
6770	216 
6771	368 
6772	282 
6773	450 
6774	41 
6775	69 
6776	341 
6777	100 
6778	429 
6779	133 
6780	151 
6781	22 
6782	16 
6783	424 
6784	445 
6785	88 
6786	258 
6787	4 
6788	268 
6789	18 
6790	57 
6791	152 
6792	133 
6793	452 
6794	139 
6795	190 
6796	156 
6797	399 
6798	297 
6799	289 
6800	455 
6801	312 
6802	389 
6803	121 
6804	18 
6805	127 
6806	268 
6807	355 
6808	66 
6809	31 
6810	190 
6811	208 
6812	28 
6813	267 
6814	60 
6815	218 
6816	203 
6817	170 
6818	312 
6819	376 
6820	86 
6821	297 
6822	384 
6823	292 
6824	354 
6825	45 
6826	189 
6827	327 
6828	288 
6829	136 
6830	158 
6831	364 
6832	294 
6833	368 
6834	46 
6835	391 
6836	337 
6837	389 
6838	405 
6839	52 
6840	313 
6841	454 
6842	187 
6843	237 
6844	267 
6845	144 
6846	112 
6847	216 
6848	155 
6849	242 
6850	239 
6851	89 
6852	439 
6853	42 
6854	375 
6855	240 
6856	51 
6857	165 
6858	360 
6859	304 
6860	361 
6861	46 
6862	47 
6863	40 
6864	180 
6865	323 
6866	47 
6867	105 
6868	178 
6869	349 
6870	25 
6871	239 
6872	333 
6873	447 
6874	70 
6875	192 
6876	443 
6877	243 
6878	237 
6879	276 
6880	428 
6881	63 
6882	133 
6883	317 
6884	446 
6885	66 
6886	295 
6887	358 
6888	349 
6889	204 
6890	60 
6891	44 
6892	7 
6893	67 
6894	218 
6895	176 
6896	93 
6897	334 
6898	78 
6899	52 
6900	296 
6901	404 
6902	139 
6903	357 
6904	318 
6905	353 
6906	182 
6907	188 
6908	146 
6909	138 
6910	447 
6911	155 
6912	163 
6913	8 
6914	175 
6915	300 
6916	337 
6917	409 
6918	218 
6919	296 
6920	292 
6921	8 
6922	104 
6923	14 
6924	31 
6925	156 
6926	33 
6927	229 
6928	139 
6929	169 
6930	21 
6931	45 
6932	47 
6933	240 
6934	349 
6935	292 
6936	385 
6937	245 
6938	410 
6939	28 
6940	455 
6941	51 
6942	323 
6943	327 
6944	3 
6945	166 
6946	41 
6947	42 
6948	431 
6949	93 
6950	297 
6951	65 
6952	216 
6953	165 
6954	99 
6955	295 
6956	29 
6957	273 
6958	409 
6959	42 
6960	456 
6961	174 
6962	176 
6963	343 
6964	405 
6965	15 
6966	436 
6967	268 
6968	172 
6969	65 
6970	339 
6971	397 
6972	257 
6973	237 
6974	18 
6975	358 
6976	134 
6977	423 
6978	92 
6979	196 
6980	423 
6981	31 
6982	26 
6983	436 
6984	28 
6985	103 
6986	139 
6987	382 
6988	226 
6989	20 
6990	192 
6991	271 
6992	375 
6993	353 
6994	12 
6995	25 
6996	234 
6997	3 
6998	141 
6999	318 
7000	370 
7001	187 
7002	208 
7003	139 
7004	106 
7005	117 
7006	382 
7007	353 
7008	303 
7009	45 
7010	257 
7011	173 
7012	361 
7013	165 
7014	257 
7015	47 
7016	242 
7017	20 
7018	94 
7019	66 
7020	1 
7021	118 
7022	353 
7023	241 
7024	189 
7025	364 
7026	46 
7027	88 
7028	103 
7029	126 
7030	251 
7031	454 
7032	443 
7033	156 
7034	330 
7035	258 
7036	42 
7037	119 
7038	265 
7039	295 
7040	6 
7041	396 
7042	261 
7043	289 
7044	446 
7045	8 
7046	327 
7047	18 
7048	368 
7049	223 
7050	315 
7051	163 
7052	418 
7053	317 
7054	247 
7055	23 
7056	158 
7057	335 
7058	366 
7059	335 
7060	22 
7061	141 
7062	208 
7063	168 
7064	452 
7065	158 
7066	376 
7067	445 
7068	55 
7069	57 
7070	12 
7071	318 
7072	439 
7073	362 
7074	101 
7075	162 
7076	225 
7077	396 
7078	274 
7079	93 
7080	122 
7081	67 
7082	447 
7083	362 
7084	377 
7085	214 
7086	397 
7087	69 
7088	243 
7089	255 
7090	452 
7091	133 
7092	442 
7093	163 
7094	312 
7095	11 
7096	303 
7097	209 
7098	364 
7099	126 
7100	214 
7101	213 
7102	175 
7103	94 
7104	413 
7105	405 
7106	66 
7107	103 
7108	457 
7109	425 
7110	249 
7111	318 
7112	362 
7113	457 
7114	274 
7115	25 
7116	211 
7117	74 
7118	245 
7119	262 
7120	382 
7121	234 
7122	45 
7123	95 
7124	239 
7125	144 
7126	58 
7127	328 
7128	206 
7129	353 
7130	27 
7131	165 
7132	100 
7133	217 
7134	231 
7135	88 
7136	45 
7137	41 
7138	409 
7139	182 
7140	447 
7141	66 
7142	138 
7143	86 
7144	213 
7145	182 
7146	86 
7147	94 
7148	220 
7149	65 
7150	171 
7151	234 
7152	48 
7153	171 
7154	119 
7155	425 
7156	178 
7157	364 
7158	413 
7159	216 
7160	167 
7161	325 
7162	158 
7163	425 
7164	241 
7165	411 
7166	149 
7167	397 
7168	289 
7169	251 
7170	343 
7171	139 
7172	385 
7173	181 
7174	17 
7175	320 
7176	147 
7177	9 
7178	4 
7179	410 
7180	31 
7181	158 
7182	147 
7183	159 
7184	101 
7185	74 
7186	276 
7187	15 
7188	361 
7189	52 
7190	439 
7191	440 
7192	86 
7193	320 
7194	429 
7195	195 
7196	29 
7197	120 
7198	375 
7199	418 
7200	175 
7201	152 
7202	209 
7203	122 
7204	1 
7205	203 
7206	14 
7207	141 
7208	361 
7209	245 
7210	429 
7211	436 
7212	444 
7213	456 
7214	167 
7215	438 
7216	33 
7217	237 
7218	143 
7219	86 
7220	176 
7221	50 
7222	159 
7223	320 
7224	17 
7225	453 
7226	323 
7227	175 
7228	48 
7229	375 
7230	295 
7231	108 
7232	93 
7233	46 
7234	375 
7235	93 
7236	198 
7237	372 
7238	445 
7239	334 
7240	418 
7241	163 
7242	145 
7243	282 
7244	240 
7245	38 
7246	177 
7247	97 
7248	198 
7249	424 
7250	425 
7251	30 
7252	20 
7253	450 
7254	289 
7255	86 
7256	48 
7257	200 
7258	365 
7259	60 
7260	440 
7261	282 
7262	169 
7263	298 
7264	396 
7265	65 
7266	303 
7267	411 
7268	318 
7269	57 
7270	450 
7271	25 
7272	83 
7273	214 
7274	69 
7275	156 
7276	422 
7277	47 
7278	120 
7279	452 
7280	445 
7281	319 
7282	1 
7283	231 
7284	456 
7285	83 
7286	6 
7287	182 
7288	398 
7289	165 
7290	243 
7291	315 
7292	304 
7293	337 
7294	47 
7295	296 
7296	163 
7297	143 
7298	158 
7299	66 
7300	73 
7301	77 
7302	52 
7303	33 
7304	119 
7305	39 
7306	143 
7307	167 
7308	105 
7309	133 
7310	208 
7311	25 
7312	86 
7313	390 
7314	258 
7315	410 
7316	66 
7317	204 
7318	454 
7319	186 
7320	260 
7321	440 
7322	70 
7323	177 
7324	331 
7325	195 
7326	134 
7327	62 
7328	410 
7329	33 
7330	353 
7331	4 
7332	206 
7333	141 
7334	455 
7335	424 
7336	273 
7337	20 
7338	219 
7339	409 
7340	193 
7341	358 
7342	198 
7343	212 
7344	20 
7345	145 
7346	312 
7347	67 
7348	322 
7349	274 
7350	409 
7351	392 
7352	188 
7353	128 
7354	444 
7355	327 
7356	259 
7357	329 
7358	346 
7359	66 
7360	438 
7361	43 
7362	209 
7363	108 
7364	225 
7365	82 
7366	385 
7367	89 
7368	217 
7369	119 
7370	261 
7371	206 
7372	372 
7373	268 
7374	15 
7375	317 
7376	442 
7377	30 
7378	1 
7379	253 
7380	124 
7381	370 
7382	327 
7383	262 
7384	416 
7385	297 
7386	60 
7387	331 
7388	317 
7389	195 
7390	315 
7391	373 
7392	173 
7393	436 
7394	313 
7395	428 
7396	240 
7397	186 
7398	368 
7399	333 
7400	360 
7401	139 
7402	295 
7403	416 
7404	219 
7405	84 
7406	376 
7407	267 
7408	48 
7409	267 
7410	18 
7411	208 
7412	99 
7413	303 
7414	219 
7415	130 
7416	166 
7417	257 
7418	325 
7419	186 
7420	62 
7421	134 
7422	52 
7423	455 
7424	155 
7425	182 
7426	441 
7427	245 
7428	316 
7429	414 
7430	388 
7431	288 
7432	128 
7433	349 
7434	204 
7435	135 
7436	60 
7437	355 
7438	422 
7439	28 
7440	406 
7441	74 
7442	354 
7443	177 
7444	105 
7445	247 
7446	31 
7447	312 
7448	83 
7449	119 
7450	16 
7451	325 
7452	47 
7453	427 
7454	457 
7455	318 
7456	296 
7457	441 
7458	44 
7459	265 
7460	197 
7461	445 
7462	112 
7463	445 
7464	396 
7465	139 
7466	289 
7467	276 
7468	231 
7469	223 
7470	422 
7471	197 
7472	438 
7473	450 
7474	84 
7475	376 
7476	167 
7477	396 
7478	427 
7479	258 
7480	62 
7481	127 
7482	147 
7483	12 
7484	141 
7485	362 
7486	121 
7487	77 
7488	78 
7489	453 
7490	456 
7491	57 
7492	240 
7493	67 
7494	425 
7495	300 
7496	267 
7497	237 
7498	295 
7499	312 
7500	62 
7501	163 
7502	211 
7503	441 
7504	14 
7505	86 
7506	245 
7507	139 
7508	439 
7509	323 
7510	176 
7511	89 
7512	320 
7513	251 
7514	400 
7515	431 
7516	331 
7517	183 
7518	22 
7519	456 
7520	193 
7521	219 
7522	209 
7523	218 
7524	439 
7525	99 
7526	417 
7527	133 
7528	400 
7529	294 
7530	170 
7531	66 
7532	121 
7533	349 
7534	357 
7535	322 
7536	198 
7537	251 
7538	255 
7539	454 
7540	154 
7541	84 
7542	60 
7543	392 
7544	128 
7545	172 
7546	251 
7547	372 
7548	333 
7549	36 
7550	384 
7551	204 
7552	171 
7553	187 
7554	273 
7555	27 
7556	268 
7557	358 
7558	188 
7559	271 
7560	396 
7561	99 
7562	390 
7563	313 
7564	296 
7565	322 
7566	178 
7567	88 
7568	329 
7569	320 
7570	188 
7571	388 
7572	198 
7573	194 
7574	118 
7575	57 
7576	442 
7577	119 
7578	138 
7579	376 
7580	106 
7581	307 
7582	122 
7583	166 
7584	303 
7585	209 
7586	450 
7587	155 
7588	303 
7589	26 
7590	225 
7591	181 
7592	139 
7593	87 
7594	368 
7595	65 
7596	385 
7597	196 
7598	74 
7599	127 
7600	47 
7601	425 
7602	249 
7603	212 
7604	62 
7605	414 
7606	166 
7607	398 
7608	271 
7609	442 
7610	318 
7611	376 
7612	409 
7613	143 
7614	335 
7615	104 
7616	112 
7617	111 
7618	99 
7619	156 
7620	312 
7621	127 
7622	99 
7623	93 
7624	397 
7625	88 
7626	75 
7627	404 
7628	167 
7629	358 
7630	66 
7631	307 
7632	304 
7633	341 
7634	335 
7635	355 
7636	198 
7637	240 
7638	355 
7639	318 
7640	124 
7641	25 
7642	444 
7643	219 
7644	276 
7645	99 
7646	193 
7647	112 
7648	101 
7649	15 
7650	417 
7651	166 
7652	265 
7653	172 
7654	297 
7655	212 
7656	413 
7657	36 
7658	368 
7659	189 
7660	397 
7661	328 
7662	28 
7663	341 
7664	242 
7665	8 
7666	372 
7667	240 
7668	117 
7669	349 
7670	70 
7671	87 
7672	362 
7673	327 
7674	51 
7675	267 
7676	249 
7677	343 
7678	320 
7679	122 
7680	97 
7681	237 
7682	212 
7683	241 
7684	220 
7685	349 
7686	97 
7687	196 
7688	178 
7689	392 
7690	315 
7691	423 
7692	372 
7693	42 
7694	128 
7695	83 
7696	423 
7697	267 
7698	302 
7699	261 
7700	249 
7701	77 
7702	47 
7703	70 
7704	389 
7705	1 
7706	152 
7707	456 
7708	117 
7709	170 
7710	84 
7711	214 
7712	273 
7713	136 
7714	225 
7715	146 
7716	288 
7717	241 
7718	265 
7719	208 
7720	190 
7721	127 
7722	213 
7723	17 
7724	422 
7725	399 
7726	327 
7727	94 
7728	43 
7729	398 
7730	225 
7731	295 
7732	97 
7733	456 
7734	89 
7735	6 
7736	57 
7737	218 
7738	152 
7739	216 
7740	257 
7741	240 
7742	99 
7743	377 
7744	335 
7745	217 
7746	413 
7747	418 
7748	223 
7749	73 
7750	456 
7751	44 
7752	154 
7753	425 
7754	193 
7755	327 
7756	183 
7757	317 
7758	189 
7759	25 
7760	154 
7761	16 
7762	323 
7763	9 
7764	396 
7765	373 
7766	193 
7767	436 
7768	247 
7769	209 
7770	134 
7771	217 
7772	429 
7773	105 
7774	12 
7775	353 
7776	128 
7777	410 
7778	300 
7779	317 
7780	238 
7781	1 
7782	416 
7783	300 
7784	425 
7785	6 
7786	384 
7787	388 
7788	173 
7789	374 
7790	377 
7791	25 
7792	209 
7793	429 
7794	100 
7795	331 
7796	411 
7797	455 
7798	325 
7799	270 
7800	335 
7801	83 
7802	172 
7803	418 
7804	368 
7805	161 
7806	318 
7807	276 
7808	176 
7809	260 
7810	99 
7811	445 
7812	188 
7813	23 
7814	162 
7815	194 
7816	152 
7817	108 
7818	176 
7819	413 
7820	121 
7821	343 
7822	270 
7823	234 
7824	128 
7825	409 
7826	323 
7827	242 
7828	414 
7829	327 
7830	366 
7831	124 
7832	104 
7833	276 
7834	189 
7835	220 
7836	445 
7837	78 
7838	424 
7839	327 
7840	77 
7841	456 
7842	409 
7843	376 
7844	211 
7845	242 
7846	249 
7847	247 
7848	15 
7849	41 
7850	214 
7851	60 
7852	166 
7853	103 
7854	357 
7855	106 
7856	169 
7857	6 
7858	1 
7859	62 
7860	212 
7861	442 
7862	211 
7863	208 
7864	218 
7865	175 
7866	47 
7867	117 
7868	240 
7869	322 
7870	343 
7871	292 
7872	298 
7873	219 
7874	73 
7875	294 
7876	204 
7877	410 
7878	149 
7879	398 
7880	336 
7881	439 
7882	329 
7883	375 
7884	315 
7885	429 
7886	211 
7887	297 
7888	267 
7889	36 
7890	192 
7891	185 
7892	168 
7893	51 
7894	234 
7895	316 
7896	264 
7897	331 
7898	251 
7899	429 
7900	138 
7901	398 
7902	74 
7903	429 
7904	148 
7905	17 
7906	375 
7907	152 
7908	51 
7909	14 
7910	397 
7911	186 
7912	146 
7913	8 
7914	216 
7915	128 
7916	423 
7917	243 
7918	79 
7919	253 
7920	417 
7921	66 
7922	452 
7923	388 
7924	385 
7925	251 
7926	294 
7927	397 
7928	60 
7929	156 
7930	141 
7931	441 
7932	94 
7933	42 
7934	317 
7935	316 
7936	77 
7937	168 
7938	108 
7939	43 
7940	30 
7941	158 
7942	195 
7943	300 
7944	112 
7945	133 
7946	375 
7947	187 
7948	42 
7949	422 
7950	276 
7951	388 
7952	11 
7953	124 
7954	62 
7955	374 
7956	43 
7957	374 
7958	11 
7959	442 
7960	312 
7961	73 
7962	400 
7963	119 
7964	26 
7965	1 
7966	192 
7967	353 
7968	406 
7969	193 
7970	17 
7971	358 
7972	127 
7973	237 
7974	193 
7975	327 
7976	51 
7977	214 
7978	416 
7979	19 
7980	79 
7981	173 
7982	405 
7983	69 
7984	349 
7985	240 
7986	118 
7987	260 
7988	410 
7989	112 
7990	176 
7991	175 
7992	438 
7993	74 
7994	373 
7995	101 
7996	139 
7997	384 
7998	312 
7999	266 
8000	358 
8001	243 
8002	318 
8003	384 
8004	327 
8005	75 
8006	455 
8007	238 
8008	404 
8009	289 
8010	127 
8011	223 
8012	177 
8013	194 
8014	208 
8015	239 
8016	42 
8017	127 
8018	373 
8019	376 
8020	117 
8021	31 
8022	268 
8023	423 
8024	212 
8025	111 
8026	89 
8027	20 
8028	117 
8029	270 
8030	268 
8031	152 
8032	349 
8033	36 
8034	77 
8035	163 
8036	4 
8037	392 
8038	162 
8039	176 
8040	119 
8041	373 
8042	87 
8043	147 
8044	213 
8045	392 
8046	442 
8047	417 
8048	240 
8049	159 
8050	75 
8051	78 
8052	297 
8053	148 
8054	111 
8055	17 
8056	66 
8057	219 
8058	87 
8059	253 
8060	8 
8061	101 
8062	187 
8063	240 
8064	176 
8065	312 
8066	438 
8067	78 
8068	239 
8069	411 
8070	11 
8071	404 
8072	57 
8073	323 
8074	428 
8075	316 
8076	238 
8077	370 
8078	255 
8079	312 
8080	255 
8081	66 
8082	217 
8083	23 
8084	260 
8085	172 
8086	418 
8087	166 
8088	322 
8089	163 
8090	253 
8091	99 
8092	97 
8093	122 
8094	313 
8095	217 
8096	128 
8097	273 
8098	36 
8099	406 
8100	439 
8101	192 
8102	296 
8103	388 
8104	429 
8105	111 
8106	239 
8107	122 
8108	162 
8109	195 
8110	190 
8111	323 
8112	319 
8113	195 
8114	399 
8115	441 
8116	105 
8117	103 
8118	260 
8119	410 
8120	173 
8121	341 
8122	217 
8123	327 
8124	358 
8125	247 
8126	87 
8127	392 
8128	214 
8129	418 
8130	429 
8131	274 
8132	274 
8133	17 
8134	28 
8135	234 
8136	245 
8137	261 
8138	73 
8139	42 
8140	220 
8141	315 
8142	41 
8143	3 
8144	149 
8145	133 
8146	399 
8147	60 
8148	452 
8149	190 
8150	410 
8151	148 
8152	50 
8153	123 
8154	193 
8155	223 
8156	313 
8157	212 
8158	147 
8159	189 
8160	349 
8161	264 
8162	456 
8163	396 
8164	219 
8165	141 
8166	226 
8167	212 
8168	398 
8169	127 
8170	94 
8171	431 
8172	173 
8173	294 
8174	123 
8175	89 
8176	22 
8177	389 
8178	181 
8179	406 
8180	414 
8181	240 
8182	266 
8183	158 
8184	349 
8185	187 
8186	253 
8187	266 
8188	296 
8189	187 
8190	243 
8191	282 
8192	186 
8193	11 
8194	138 
8195	165 
8196	444 
8197	341 
8198	194 
8199	427 
8200	249 
8201	93 
8202	416 
8203	429 
8204	12 
8205	124 
8206	177 
8207	1 
8208	213 
8209	349 
8210	139 
8211	42 
8212	397 
8213	163 
8214	417 
8215	124 
8216	99 
8217	404 
8218	168 
8219	307 
8220	60 
8221	211 
8222	406 
8223	44 
8224	118 
8225	290 
8226	204 
8227	312 
8228	97 
8229	457 
8230	146 
8231	297 
8232	428 
8233	274 
8234	251 
8235	218 
8236	374 
8237	292 
8238	149 
8239	234 
8240	70 
8241	178 
8242	234 
8243	439 
8244	194 
8245	429 
8246	440 
8247	290 
8248	22 
8249	39 
8250	304 
8251	172 
8252	424 
8253	382 
8254	51 
8255	176 
8256	406 
8257	70 
8258	366 
8259	414 
8260	133 
8261	399 
8262	315 
8263	358 
8264	429 
8265	182 
8266	445 
8267	41 
8268	198 
8269	418 
8270	147 
8271	165 
8272	12 
8273	22 
8274	296 
8275	177 
8276	94 
8277	220 
8278	400 
8279	156 
8280	182 
8281	261 
8282	373 
8283	404 
8284	414 
8285	94 
8286	194 
8287	424 
8288	414 
8289	292 
8290	192 
8291	212 
8292	173 
8293	289 
8294	189 
8295	192 
8296	198 
8297	336 
8298	373 
8299	247 
8300	304 
8301	219 
8302	382 
8303	456 
8304	99 
8305	133 
8306	51 
8307	454 
8308	1 
8309	74 
8310	27 
8311	22 
8312	168 
8313	187 
8314	143 
8315	15 
8316	374 
8317	25 
8318	119 
8319	346 
8320	409 
8321	121 
8322	6 
8323	318 
8324	60 
8325	217 
8326	33 
8327	169 
8328	158 
8329	144 
8330	6 
8331	247 
8332	385 
8333	366 
8334	93 
8335	307 
8336	323 
8337	17 
8338	243 
8339	404 
8340	396 
8341	97 
8342	105 
8343	159 
8344	148 
8345	388 
8346	240 
8347	370 
8348	75 
8349	159 
8350	93 
8351	14 
8352	274 
8353	175 
8354	317 
8355	267 
8356	354 
8357	182 
8358	423 
8359	165 
8360	210 
8361	169 
8362	52 
8363	349 
8364	251 
8365	156 
8366	143 
8367	450 
8368	282 
8369	176 
8370	298 
8371	370 
8372	103 
8373	261 
8374	4 
8375	27 
8376	373 
8377	108 
8378	397 
8379	178 
8380	362 
8381	97 
8382	216 
8383	44 
8384	346 
8385	17 
8386	289 
8387	294 
8388	255 
8389	261 
8390	210 
8391	87 
8392	358 
8393	409 
8394	271 
8395	366 
8396	158 
8397	216 
8398	168 
8399	3 
8400	156 
8401	327 
8402	169 
8403	267 
8404	428 
8405	20 
8406	209 
8407	317 
8408	47 
8409	111 
8410	317 
8411	375 
8412	375 
8413	373 
8414	33 
8415	410 
8416	346 
8417	392 
8418	327 
8419	327 
8420	16 
8421	302 
8422	374 
8423	327 
8424	167 
8425	335 
8426	260 
8427	158 
8428	12 
8429	358 
8430	94 
8431	384 
8432	313 
8433	268 
8434	417 
8435	161 
8436	313 
8437	43 
8438	304 
8439	33 
8440	366 
8441	414 
8442	139 
8443	163 
8444	410 
8445	166 
8446	93 
8447	159 
8448	204 
8449	442 
8450	178 
8451	300 
8452	303 
8453	12 
8454	411 
8455	181 
8456	101 
8457	47 
8458	65 
8459	292 
8460	189 
8461	267 
8462	373 
8463	209 
8464	33 
8465	238 
8466	14 
8467	353 
8468	28 
8469	220 
8470	452 
8471	106 
8472	44 
8473	249 
8474	158 
8475	168 
8476	245 
8477	211 
8478	48 
8479	133 
8480	165 
8481	124 
8482	298 
8483	382 
8484	313 
8485	229 
8486	204 
8487	178 
8488	100 
8489	77 
8490	46 
8491	223 
8492	147 
8493	424 
8494	388 
8495	373 
8496	317 
8497	141 
8498	122 
8499	138 
8500	424 
8501	445 
8502	238 
8503	118 
8504	33 
8505	247 
8506	8 
8507	245 
8508	341 
8509	290 
8510	22 
8511	149 
8512	298 
8513	406 
8514	242 
8515	253 
8516	208 
8517	423 
8518	384 
8519	182 
8520	416 
8521	298 
8522	411 
8523	303 
8524	204 
8525	304 
8526	118 
8527	223 
8528	425 
8529	123 
8530	73 
8531	265 
8532	26 
8533	149 
8534	418 
8535	229 
8536	266 
8537	144 
8538	189 
8539	208 
8540	315 
8541	388 
8542	249 
8543	158 
8544	36 
8545	210 
8546	60 
8547	60 
8548	55 
8549	42 
8550	266 
8551	353 
8552	382 
8553	97 
8554	60 
8555	389 
8556	213 
8557	327 
8558	166 
8559	366 
8560	51 
8561	111 
8562	240 
8563	346 
8564	265 
8565	190 
8566	331 
8567	112 
8568	318 
8569	315 
8570	237 
8571	26 
8572	121 
8573	346 
8574	60 
8575	41 
8576	374 
8577	373 
8578	260 
8579	388 
8580	313 
8581	257 
8582	442 
8583	349 
8584	122 
8585	167 
8586	213 
8587	223 
8588	26 
8589	156 
8590	42 
8591	77 
8592	335 
8593	168 
8594	141 
8595	177 
8596	366 
8597	178 
8598	409 
8599	243 
8600	423 
8601	152 
8602	323 
8603	183 
8604	194 
8605	264 
8606	452 
8607	455 
8608	346 
8609	15 
8610	333 
8611	186 
8612	346 
8613	152 
8614	152 
8615	327 
8616	445 
8617	266 
8618	78 
8619	374 
8620	15 
8621	444 
8622	450 
8623	124 
8624	44 
8625	234 
8626	182 
8627	247 
8628	297 
8629	209 
8630	65 
8631	302 
8632	238 
8633	70 
8634	325 
8635	33 
8636	155 
8637	366 
8638	454 
8639	187 
8640	271 
8641	237 
8642	189 
8643	425 
8644	385 
8645	187 
8646	156 
8647	187 
8648	11 
8649	313 
8650	73 
8651	101 
8652	75 
8653	177 
8654	454 
8655	124 
8656	12 
8657	316 
8658	117 
8659	441 
8660	349 
8661	66 
8662	47 
8663	46 
8664	156 
8665	1 
8666	298 
8667	456 
8668	312 
8669	208 
8670	162 
8671	93 
8672	405 
8673	124 
8674	87 
8675	304 
8676	429 
8677	417 
8678	416 
8679	77 
8680	22 
8681	185 
8682	148 
8683	297 
8684	294 
8685	264 
8686	176 
8687	312 
8688	88 
8689	425 
8690	213 
8691	193 
8692	296 
8693	176 
8694	127 
8695	216 
8696	88 
8697	318 
8698	74 
8699	229 
8700	411 
8701	288 
8702	167 
8703	237 
8704	193 
8705	220 
8706	253 
8707	454 
8708	216 
8709	190 
8710	178 
8711	220 
8712	307 
8713	172 
8714	89 
8715	209 
8716	392 
8717	46 
8718	117 
8719	423 
8720	93 
8721	444 
8722	400 
8723	167 
8724	417 
8725	397 
8726	442 
8727	17 
8728	62 
8729	264 
8730	455 
8731	62 
8732	298 
8733	245 
8734	298 
8735	234 
8736	193 
8737	117 
8738	376 
8739	346 
8740	240 
8741	94 
8742	111 
8743	457 
8744	300 
8745	169 
8746	112 
8747	36 
8748	94 
8749	55 
8750	405 
8751	452 
8752	375 
8753	12 
8754	243 
8755	20 
8756	442 
8757	194 
8758	238 
8759	6 
8760	358 
8761	450 
8762	271 
8763	194 
8764	409 
8765	66 
8766	124 
8767	55 
8768	182 
8769	292 
8770	418 
8771	183 
8772	42 
8773	400 
8774	267 
8775	417 
8776	27 
8777	123 
8778	366 
8779	33 
8780	152 
8781	148 
8782	444 
8783	51 
8784	123 
8785	298 
8786	260 
8787	77 
8788	349 
8789	411 
8790	362 
8791	374 
8792	209 
8793	183 
8794	240 
8795	99 
8796	193 
8797	104 
8798	346 
8799	62 
8800	75 
8801	173 
8802	251 
8803	148 
8804	148 
8805	240 
8806	414 
8807	452 
8808	346 
8809	121 
8810	159 
8811	128 
8812	375 
8813	315 
8814	159 
8815	264 
8816	159 
8817	139 
8818	213 
8819	89 
8820	214 
8821	121 
8822	354 
8823	144 
8824	52 
8825	219 
8826	245 
8827	297 
8828	103 
8829	304 
8830	27 
8831	161 
8832	123 
8833	292 
8834	97 
8835	313 
8836	77 
8837	186 
8838	220 
8839	139 
8840	55 
8841	271 
8842	257 
8843	445 
8844	445 
8845	316 
8846	454 
8847	316 
8848	294 
8849	247 
8850	416 
8851	238 
8852	73 
8853	57 
8854	346 
8855	189 
8856	445 
8857	264 
8858	138 
8859	346 
8860	148 
8861	382 
8862	276 
8863	312 
8864	265 
8865	406 
8866	99 
8867	46 
8868	247 
8869	62 
8870	185 
8871	323 
8872	193 
8873	48 
8874	417 
8875	251 
8876	55 
8877	123 
8878	406 
8879	354 
8880	204 
8881	300 
8882	354 
8883	175 
8884	8 
8885	315 
8886	178 
8887	88 
8888	193 
8889	366 
8890	327 
8891	138 
8892	192 
8893	99 
8894	439 
8895	370 
8896	89 
8897	304 
8898	247 
8899	450 
8900	141 
8901	163 
8902	128 
8903	376 
8904	183 
8905	190 
8906	249 
8907	289 
8908	442 
8909	265 
8910	418 
8911	410 
8912	73 
8913	396 
8914	123 
8915	216 
8916	396 
8917	8 
8918	298 
8919	441 
8920	15 
8921	445 
8922	122 
8923	60 
8924	87 
8925	389 
8926	194 
8927	396 
8928	373 
8929	52 
8930	127 
8931	147 
8932	134 
8933	388 
8934	219 
8935	194 
8936	429 
8937	77 
8938	274 
8939	209 
8940	317 
8941	217 
8942	354 
8943	440 
8944	247 
8945	214 
8946	327 
8947	358 
8948	397 
8949	93 
8950	373 
8951	450 
8952	15 
8953	192 
8954	455 
8955	260 
8956	425 
8957	178 
8958	138 
8959	148 
8960	266 
8961	457 
8962	141 
8963	198 
8964	436 
8965	388 
8966	439 
8967	349 
8968	251 
8969	456 
8970	212 
8971	257 
8972	161 
8973	94 
8974	300 
8975	217 
8976	253 
8977	325 
8978	454 
8979	26 
8980	158 
8981	51 
8982	388 
8983	323 
8984	213 
8985	392 
8986	325 
8987	86 
8988	133 
8989	238 
8990	444 
8991	327 
8992	77 
8993	398 
8994	156 
8995	276 
8996	315 
8997	303 
8998	173 
8999	14 
9000	28 
9001	265 
9002	397 
9003	16 
9004	303 
9005	168 
9006	410 
9007	133 
9008	346 
9009	65 
9010	375 
9011	274 
9012	358 
9013	456 
9014	212 
9015	186 
9016	158 
9017	414 
9018	261 
9019	175 
9020	48 
9021	27 
9022	168 
9023	266 
9024	177 
9025	47 
9026	198 
9027	187 
9028	182 
9029	247 
9030	268 
9031	425 
9032	118 
9033	55 
9034	214 
9035	208 
9036	121 
9037	23 
9038	158 
9039	288 
9040	25 
9041	3 
9042	158 
9043	75 
9044	128 
9045	234 
9046	226 
9047	245 
9048	398 
9049	341 
9050	358 
9051	376 
9052	194 
9053	86 
9054	255 
9055	26 
9056	323 
9057	445 
9058	297 
9059	182 
9060	186 
9061	14 
9062	316 
9063	450 
9064	261 
9065	354 
9066	22 
9067	111 
9068	257 
9069	17 
9070	354 
9071	253 
9072	266 
9073	112 
9074	134 
9075	327 
9076	373 
9077	245 
9078	182 
9079	166 
9080	190 
9081	276 
9082	300 
9083	17 
9084	182 
9085	168 
9086	370 
9087	290 
9088	418 
9089	249 
9090	48 
9091	118 
9092	190 
9093	73 
9094	158 
9095	178 
9096	60 
9097	417 
9098	300 
9099	97 
9100	182 
9101	411 
9102	111 
9103	173 
9104	12 
9105	17 
9106	73 
9107	51 
9108	198 
9109	93 
9110	60 
9111	406 
9112	112 
9113	77 
9114	12 
9115	409 
9116	12 
9117	429 
9118	251 
9119	358 
9120	176 
9121	163 
9122	55 
9123	257 
9124	313 
9125	41 
9126	41 
9127	15 
9128	455 
9129	253 
9130	322 
9131	204 
9132	452 
9133	317 
9134	127 
9135	156 
9136	88 
9137	315 
9138	346 
9139	325 
9140	376 
9141	349 
9142	198 
9143	318 
9144	216 
9145	439 
9146	99 
9147	17 
9148	185 
9149	249 
9150	187 
9151	175 
9152	186 
9153	416 
9154	318 
9155	156 
9156	48 
9157	3 
9158	88 
9159	127 
9160	213 
9161	266 
9162	86 
9163	220 
9164	249 
9165	333 
9166	16 
9167	55 
9168	423 
9169	396 
9170	175 
9171	266 
9172	183 
9173	454 
9174	444 
9175	405 
9176	117 
9177	133 
9178	243 
9179	111 
9180	152 
9181	298 
9182	128 
9183	214 
9184	388 
9185	111 
9186	52 
9187	243 
9188	175 
9189	260 
9190	354 
9191	152 
9192	25 
9193	429 
9194	8 
9195	396 
9196	133 
9197	60 
9198	388 
9199	159 
9200	429 
9201	94 
9202	28 
9203	327 
9204	318 
9205	47 
9206	260 
9207	169 
9208	307 
9209	234 
9210	322 
9211	313 
9212	441 
9213	47 
9214	148 
9215	424 
9216	313 
9217	8 
9218	14 
9219	111 
9220	28 
9221	358 
9222	349 
9223	312 
9224	46 
9225	325 
9226	370 
9227	182 
9228	77 
9229	152 
9230	156 
9231	327 
9232	77 
9233	327 
9234	322 
9235	210 
9236	74 
9237	382 
9238	304 
9239	210 
9240	296 
9241	51 
9242	245 
9243	3 
9244	118 
9245	307 
9246	172 
9247	255 
9248	65 
9249	119 
9250	300 
9251	322 
9252	11 
9253	16 
9254	312 
9255	36 
9256	123 
9257	166 
9258	411 
9259	237 
9260	318 
9261	60 
9262	322 
9263	354 
9264	176 
9265	155 
9266	194 
9267	382 
9268	41 
9269	454 
9270	57 
9271	322 
9272	94 
9273	75 
9274	358 
9275	47 
9276	219 
9277	261 
9278	204 
9279	323 
9280	118 
9281	77 
9282	127 
9283	75 
9284	304 
9285	409 
9286	28 
9287	168 
9288	167 
9289	22 
9290	209 
9291	122 
9292	456 
9293	117 
9294	65 
9295	440 
9296	134 
9297	65 
9298	213 
9299	300 
9300	11 
9301	46 
9302	327 
9303	240 
9304	89 
9305	396 
9306	317 
9307	444 
9308	26 
9309	313 
9310	406 
9311	440 
9312	260 
9313	245 
9314	14 
9315	219 
9316	315 
9317	75 
9318	214 
9319	346 
9320	182 
9321	436 
9322	75 
9323	290 
9324	220 
9325	251 
9326	245 
9327	48 
9328	148 
9329	166 
9330	260 
9331	425 
9332	158 
9333	317 
9334	406 
9335	94 
9336	358 
9337	349 
9338	300 
9339	22 
9340	375 
9341	176 
9342	17 
9343	42 
9344	223 
9345	117 
9346	156 
9347	66 
9348	307 
9349	93 
9350	152 
9351	60 
9352	392 
9353	274 
9354	454 
9355	133 
9356	189 
9357	219 
9358	370 
9359	374 
9360	450 
9361	251 
9362	436 
9363	134 
9364	411 
9365	409 
9366	152 
9367	123 
9368	210 
9369	456 
9370	312 
9371	392 
9372	99 
9373	12 
9374	134 
9375	97 
9376	375 
9377	77 
9378	51 
9379	87 
9380	36 
9381	292 
9382	251 
9383	112 
9384	261 
9385	172 
9386	266 
9387	318 
9388	97 
9389	418 
9390	376 
9391	318 
9392	15 
9393	442 
9394	349 
9395	169 
9396	70 
9397	123 
9398	42 
9399	375 
9400	194 
9401	194 
9402	1 
9403	36 
9404	292 
9405	70 
9406	450 
9407	111 
9408	292 
9409	187 
9410	312 
9411	226 
9412	265 
9413	42 
9414	416 
9415	297 
9416	187 
9417	163 
9418	134 
9419	290 
9420	341 
9421	87 
9422	212 
9423	212 
9424	209 
9425	307 
9426	392 
9427	208 
9428	296 
9429	152 
9430	123 
9431	28 
9432	168 
9433	166 
9434	411 
9435	375 
9436	97 
9437	411 
9438	247 
9439	409 
9440	313 
9441	74 
9442	51 
9443	167 
9444	417 
9445	358 
9446	442 
9447	204 
9448	298 
9449	12 
9450	175 
9451	247 
9452	183 
9453	234 
9454	14 
9455	298 
9456	139 
9457	189 
9458	156 
9459	411 
9460	223 
9461	152 
9462	212 
9463	406 
9464	441 
9465	423 
9466	406 
9467	442 
9468	251 
9469	445 
9470	445 
9471	208 
9472	88 
9473	374 
9474	208 
9475	346 
9476	455 
9477	169 
9478	416 
9479	249 
9480	25 
9481	169 
9482	247 
9483	57 
9484	268 
9485	245 
9486	374 
9487	12 
9488	358 
9489	70 
9490	313 
9491	47 
9492	240 
9493	417 
9494	74 
9495	36 
9496	441 
9497	185 
9498	418 
9499	60 
9500	294 
9501	223 
9502	28 
9503	249 
9504	341 
9505	159 
9506	118 
9507	119 
9508	111 
9509	139 
9510	251 
9511	265 
9512	156 
9513	410 
9514	168 
9515	87 
9516	247 
9517	128 
9518	133 
9519	172 
9520	25 
9521	454 
9522	121 
9523	297 
9524	322 
9525	276 
9526	346 
9527	290 
9528	325 
9529	41 
9530	47 
9531	17 
9532	159 
9533	133 
9534	60 
9535	297 
9536	15 
9537	441 
9538	51 
9539	111 
9540	36 
9541	375 
9542	313 
9543	354 
9544	47 
9545	185 
9546	375 
9547	237 
9548	439 
9549	296 
9550	303 
9551	382 
9552	220 
9553	261 
9554	456 
9555	167 
9556	172 
9557	219 
9558	298 
9559	87 
9560	169 
9561	455 
9562	128 
9563	175 
9564	429 
9565	22 
9566	247 
9567	445 
9568	119 
9569	51 
9570	296 
9571	375 
9572	388 
9573	88 
9574	163 
9575	185 
9576	22 
9577	265 
9578	317 
9579	416 
9580	312 
9581	436 
9582	315 
9583	315 
9584	382 
9585	341 
9586	111 
9587	159 
9588	376 
9589	209 
9590	298 
9591	425 
9592	373 
9593	366 
9594	274 
9595	303 
9596	111 
9597	60 
9598	288 
9599	304 
9600	60 
9601	416 
9602	429 
9603	312 
9604	290 
9605	15 
9606	325 
9607	234 
9608	261 
9609	208 
9610	325 
9611	12 
9612	134 
9613	441 
9614	219 
9615	323 
9616	36 
9617	167 
9618	325 
9619	323 
9620	243 
9621	325 
9622	373 
9623	74 
9624	240 
9625	75 
9626	243 
9627	423 
9628	127 
9629	445 
9630	243 
9631	185 
9632	288 
9633	323 
9634	212 
9635	219 
9636	112 
9637	155 
9638	51 
9639	22 
9640	341 
9641	267 
9642	75 
9643	155 
9644	51 
9645	290 
9646	265 
9647	94 
9648	439 
9649	66 
9650	234 
9651	182 
9652	124 
9653	442 
9654	60 
9655	454 
9656	15 
9657	452 
9658	168 
9659	238 
9660	1 
9661	296 
9662	62 
9663	444 
9664	88 
9665	436 
9666	119 
9667	303 
9668	388 
9669	117 
9670	163 
9671	42 
9672	123 
9673	22 
9674	265 
9675	123 
9676	124 
9677	208 
9678	358 
9679	234 
9680	128 
9681	265 
9682	323 
9683	441 
9684	373 
9685	297 
9686	243 
9687	304 
9688	209 
9689	70 
9690	362 
9691	237 
9692	36 
9693	313 
9694	182 
9695	303 
9696	166 
9697	450 
9698	123 
9699	97 
9700	219 
9701	75 
9702	276 
9703	392 
9704	445 
9705	47 
9706	57 
9707	318 
9708	212 
9709	128 
9710	161 
9711	373 
9712	57 
9713	268 
9714	111 
9715	234 
9716	112 
9717	452 
9718	128 
9719	325 
9720	74 
9721	307 
9722	366 
9723	118 
9724	444 
9725	425 
9726	178 
9727	28 
9728	417 
9729	265 
9730	375 
9731	185 
9732	416 
9733	455 
9734	439 
9735	161 
9736	374 
9737	444 
9738	317 
9739	155 
9740	204 
9741	294 
9742	294 
9743	159 
9744	212 
9745	127 
9746	128 
9747	127 
9748	94 
9749	152 
9750	382 
9751	265 
9752	12 
9753	169 
9754	362 
9755	1 
9756	260 
9757	112 
9758	313 
9759	161 
9760	429 
9761	118 
9762	212 
9763	392 
9764	406 
9765	89 
9766	249 
9767	75 
9768	155 
9769	445 
9770	176 
9771	266 
9772	376 
9773	307 
9774	304 
9775	15 
9776	417 
9777	66 
9778	89 
9779	274 
9780	315 
9781	238 
9782	169 
9783	294 
9784	208 
9785	12 
9786	442 
9787	15 
9788	375 
9789	382 
9790	187 
9791	22 
9792	409 
9793	163 
9794	156 
9795	123 
9796	238 
9797	194 
9798	374 
9799	450 
9800	28 
9801	134 
9802	444 
9803	441 
9804	376 
9805	444 
9806	247 
9807	240 
9808	268 
9809	375 
9810	274 
9811	22 
9812	158 
9813	88 
9814	318 
9815	166 
9816	439 
9817	392 
9818	139 
9819	134 
9820	99 
9821	156 
9822	168 
9823	123 
9824	455 
9825	166 
9826	260 
9827	375 
9828	423 
9829	111 
9830	156 
9831	128 
9832	139 
9833	450 
9834	194 
9835	155 
9836	297 
9837	17 
9838	134 
9839	312 
9840	194 
9841	176 
9842	194 
9843	406 
9844	47 
9845	127 
9846	66 
9847	260 
9848	166 
9849	66 
9850	17 
9851	212 
9852	155 
9853	156 
9854	416 
9855	204 
9856	187 
9857	436 
9858	123 
9859	89 
9860	15 
9861	117 
9862	155 
9863	294 
9864	234 
9865	75 
9866	234 
9867	97 
9868	423 
9869	219 
9870	172 
9871	374 
9872	388 
9873	358 
9874	312 
9875	417 
9876	358 
9877	167 
9878	155 
9879	182 
9880	88 
9881	212 
9882	88 
9883	322 
9884	47 
9885	312 
9886	315 
9887	128 
9888	15 
9889	42 
9890	417 
9891	268 
9892	51 
9893	209 
9894	94 
9895	382 
9896	15 
9897	303 
9898	57 
9899	36 
9900	155 
9901	238 
9902	159 
9903	209 
9904	452 
9905	234 
9906	94 
9907	161 
9908	152 
9909	17 
9910	166 
9911	119 
9912	455 
9913	127 
9914	127 
9915	416 
9916	323 
9917	417 
9918	36 
9919	36 
9920	12 
9921	445 
9922	303 
9923	349 
9924	1 
9925	187 
9926	60 
9927	161 
9928	260 
9929	47 
9930	133 
9931	123 
9932	418 
9933	209 
9934	119 
9935	117 
9936	439 
9937	75 
9938	152 
9939	382 
9940	204 
9941	123 
9942	28 
9943	297 
9944	238 
9945	117 
9946	297 
9947	166 
9948	121 
9949	456 
9950	94 
9951	294 
9952	57 
9953	373 
9954	194 
9955	99 
9956	172 
9957	323 
9958	358 
9959	234 
9960	312 
9961	318 
9962	455 
9963	133 
9964	66 
9965	444 
9966	455 
9967	297 
9968	51 
9969	66 
9970	51 
9971	133 
9972	121 
9973	429 
9974	209 
9975	119 
9976	234 
9977	51 
9978	441 
9979	450 
9980	406 
9981	133 
9982	240 
9983	416 
9984	327 
9985	161 
9986	1 
9987	99 
9988	388 
9989	325 
9990	303 
9991	97 
9992	436 
9993	445 
9994	139 
9995	156 
9996	245 
9997	450 
9998	209 
9999	17 
10000	166 
