1	148 
2	114 
3	44 
4	160 
5	216 
6	107 
7	130 
8	112 
9	20 
10	179 
11	103 
12	126 
13	15 
14	75 
15	144 
16	197 
17	137 
18	209 
19	23 
20	3 
21	191 
22	92 
23	136 
24	149 
25	44 
26	132 
27	115 
28	152 
29	4 
30	53 
31	89 
32	188 
33	189 
34	45 
35	77 
36	116 
37	32 
38	45 
39	44 
40	91 
41	101 
42	193 
43	174 
44	148 
45	180 
46	98 
47	102 
48	155 
49	125 
50	124 
51	115 
52	186 
53	41 
54	158 
55	141 
56	207 
57	101 
58	11 
59	161 
60	206 
61	195 
62	95 
63	133 
64	216 
65	70 
66	175 
67	34 
68	159 
69	13 
70	10 
71	36 
72	177 
73	35 
74	180 
75	130 
76	201 
77	214 
78	178 
79	138 
80	47 
81	64 
82	105 
83	92 
84	127 
85	219 
86	193 
87	145 
88	44 
89	61 
90	150 
91	181 
92	103 
93	37 
94	16 
95	120 
96	202 
97	38 
98	173 
99	22 
100	121 
101	121 
102	200 
103	79 
104	184 
105	182 
106	142 
107	41 
108	215 
109	93 
110	144 
111	7 
112	194 
113	162 
114	67 
115	46 
116	61 
117	82 
118	98 
119	89 
120	42 
121	124 
122	5 
123	159 
124	16 
125	79 
126	128 
127	80 
128	81 
129	70 
130	166 
131	184 
132	171 
133	87 
134	126 
135	168 
136	3 
137	132 
138	142 
139	126 
140	32 
141	131 
142	213 
143	189 
144	128 
145	200 
146	107 
147	98 
148	77 
149	88 
150	99 
151	199 
152	75 
153	107 
154	206 
155	40 
156	147 
157	73 
158	130 
159	146 
160	167 
161	9 
162	197 
163	91 
164	216 
165	185 
166	195 
167	45 
168	94 
169	90 
170	81 
171	211 
172	62 
173	93 
174	90 
175	20 
176	132 
177	42 
178	121 
179	20 
180	61 
181	187 
182	120 
183	98 
184	20 
185	53 
186	180 
187	42 
188	176 
189	84 
190	207 
191	146 
192	67 
193	54 
194	190 
195	216 
196	1 
197	216 
198	122 
199	148 
200	110 
201	3 
202	169 
203	166 
204	150 
205	6 
206	86 
207	215 
208	78 
209	146 
210	52 
211	158 
212	213 
213	155 
214	8 
215	52 
216	56 
217	95 
218	140 
219	61 
220	153 
221	127 
222	157 
223	152 
224	174 
225	142 
226	204 
227	67 
228	23 
229	53 
230	161 
231	12 
232	25 
233	10 
234	124 
235	190 
236	18 
237	142 
238	59 
239	71 
240	136 
241	138 
242	62 
243	51 
244	137 
245	122 
246	14 
247	191 
248	5 
249	45 
250	77 
251	12 
252	118 
253	197 
254	75 
255	37 
256	26 
257	129 
258	183 
259	127 
260	52 
261	64 
262	195 
263	5 
264	155 
265	80 
266	38 
267	84 
268	210 
269	195 
270	90 
271	91 
272	173 
273	78 
274	15 
275	101 
276	21 
277	8 
278	207 
279	18 
280	124 
281	28 
282	90 
283	187 
284	90 
285	171 
286	31 
287	71 
288	70 
289	56 
290	64 
291	182 
292	64 
293	134 
294	187 
295	159 
296	204 
297	137 
298	60 
299	134 
300	128 
301	169 
302	110 
303	123 
304	87 
305	70 
306	113 
307	48 
308	62 
309	53 
310	153 
311	146 
312	141 
313	137 
314	131 
315	29 
316	44 
317	24 
318	62 
319	196 
320	167 
321	185 
322	85 
323	171 
324	70 
325	136 
326	45 
327	83 
328	181 
329	14 
330	121 
331	16 
332	150 
333	148 
334	181 
335	140 
336	58 
337	166 
338	217 
339	99 
340	49 
341	69 
342	172 
343	6 
344	116 
345	83 
346	8 
347	100 
348	177 
349	55 
350	116 
351	16 
352	61 
353	170 
354	187 
355	115 
356	216 
357	215 
358	120 
359	24 
360	52 
361	45 
362	70 
363	16 
364	195 
365	186 
366	129 
367	151 
368	191 
369	94 
370	155 
371	37 
372	219 
373	146 
374	112 
375	38 
376	99 
377	95 
378	31 
379	33 
380	125 
381	55 
382	65 
383	122 
384	137 
385	85 
386	74 
387	106 
388	23 
389	185 
390	216 
391	4 
392	2 
393	104 
394	10 
395	77 
396	80 
397	170 
398	136 
399	120 
400	11 
401	2 
402	93 
403	214 
404	144 
405	197 
406	55 
407	206 
408	26 
409	203 
410	135 
411	21 
412	134 
413	107 
414	123 
415	212 
416	192 
417	35 
418	19 
419	131 
420	147 
421	84 
422	61 
423	111 
424	111 
425	147 
426	115 
427	65 
428	54 
429	77 
430	54 
431	80 
432	27 
433	140 
434	136 
435	27 
436	35 
437	197 
438	186 
439	85 
440	103 
441	16 
442	4 
443	43 
444	42 
445	85 
446	214 
447	34 
448	105 
449	60 
450	142 
451	209 
452	65 
453	19 
454	190 
455	165 
456	44 
457	138 
458	47 
459	8 
460	199 
461	197 
462	10 
463	118 
464	111 
465	45 
466	126 
467	213 
468	84 
469	84 
470	110 
471	145 
472	76 
473	195 
474	38 
475	11 
476	167 
477	149 
478	178 
479	21 
480	181 
481	102 
482	92 
483	91 
484	85 
485	14 
486	108 
487	2 
488	6 
489	122 
490	143 
491	76 
492	12 
493	87 
494	59 
495	87 
496	189 
497	132 
498	175 
499	61 
500	84 
501	29 
502	122 
503	167 
504	219 
505	182 
506	142 
507	196 
508	43 
509	148 
510	76 
511	117 
512	207 
513	59 
514	117 
515	190 
516	109 
517	26 
518	116 
519	134 
520	40 
521	211 
522	153 
523	15 
524	125 
525	178 
526	141 
527	93 
528	156 
529	158 
530	174 
531	7 
532	194 
533	217 
534	182 
535	106 
536	189 
537	48 
538	109 
539	16 
540	31 
541	156 
542	93 
543	135 
544	214 
545	62 
546	198 
547	162 
548	147 
549	42 
550	50 
551	123 
552	34 
553	136 
554	118 
555	156 
556	37 
557	187 
558	37 
559	4 
560	218 
561	27 
562	217 
563	87 
564	164 
565	118 
566	126 
567	214 
568	182 
569	38 
570	155 
571	185 
572	16 
573	34 
574	8 
575	70 
576	3 
577	181 
578	196 
579	205 
580	9 
581	58 
582	190 
583	200 
584	97 
585	25 
586	132 
587	186 
588	34 
589	184 
590	214 
591	181 
592	132 
593	81 
594	203 
595	28 
596	135 
597	24 
598	198 
599	169 
600	161 
601	24 
602	174 
603	31 
604	123 
605	57 
606	180 
607	130 
608	186 
609	114 
610	136 
611	68 
612	176 
613	153 
614	43 
615	185 
616	33 
617	169 
618	33 
619	82 
620	85 
621	36 
622	14 
623	53 
624	218 
625	85 
626	144 
627	91 
628	195 
629	79 
630	176 
631	186 
632	30 
633	27 
634	2 
635	7 
636	202 
637	77 
638	218 
639	50 
640	130 
641	158 
642	59 
643	213 
644	183 
645	76 
646	147 
647	46 
648	148 
649	164 
650	91 
651	146 
652	182 
653	27 
654	18 
655	196 
656	97 
657	80 
658	26 
659	82 
660	203 
661	203 
662	137 
663	82 
664	7 
665	95 
666	106 
667	32 
668	179 
669	171 
670	10 
671	159 
672	22 
673	180 
674	86 
675	172 
676	141 
677	174 
678	36 
679	166 
680	27 
681	166 
682	28 
683	190 
684	161 
685	134 
686	28 
687	48 
688	84 
689	188 
690	101 
691	19 
692	43 
693	148 
694	166 
695	146 
696	41 
697	114 
698	66 
699	199 
700	143 
701	111 
702	147 
703	11 
704	75 
705	92 
706	10 
707	157 
708	149 
709	9 
710	180 
711	201 
712	95 
713	48 
714	170 
715	7 
716	57 
717	75 
718	180 
719	138 
720	99 
721	105 
722	206 
723	14 
724	109 
725	180 
726	119 
727	18 
728	42 
729	75 
730	82 
731	63 
732	175 
733	185 
734	136 
735	189 
736	129 
737	154 
738	159 
739	144 
740	70 
741	134 
742	177 
743	15 
744	194 
745	155 
746	5 
747	111 
748	30 
749	141 
750	102 
751	143 
752	206 
753	209 
754	65 
755	110 
756	107 
757	209 
758	207 
759	84 
760	49 
761	89 
762	83 
763	100 
764	47 
765	178 
766	128 
767	170 
768	194 
769	129 
770	142 
771	14 
772	190 
773	45 
774	76 
775	206 
776	128 
777	214 
778	51 
779	219 
780	32 
781	211 
782	21 
783	204 
784	17 
785	173 
786	101 
787	108 
788	158 
789	90 
790	2 
791	63 
792	30 
793	114 
794	26 
795	140 
796	184 
797	124 
798	204 
799	36 
800	133 
801	202 
802	52 
803	11 
804	66 
805	164 
806	117 
807	78 
808	181 
809	67 
810	152 
811	86 
812	130 
813	116 
814	161 
815	166 
816	210 
817	207 
818	145 
819	147 
820	145 
821	215 
822	162 
823	94 
824	216 
825	112 
826	191 
827	51 
828	179 
829	210 
830	91 
831	203 
832	16 
833	71 
834	197 
835	61 
836	147 
837	138 
838	145 
839	98 
840	189 
841	153 
842	125 
843	80 
844	99 
845	162 
846	12 
847	84 
848	32 
849	1 
850	206 
851	105 
852	119 
853	86 
854	91 
855	170 
856	181 
857	52 
858	81 
859	36 
860	134 
861	110 
862	103 
863	43 
864	174 
865	62 
866	214 
867	170 
868	8 
869	154 
870	172 
871	15 
872	190 
873	64 
874	142 
875	97 
876	29 
877	187 
878	158 
879	13 
880	74 
881	164 
882	77 
883	83 
884	14 
885	95 
886	12 
887	93 
888	19 
889	93 
890	67 
891	186 
892	130 
893	150 
894	154 
895	22 
896	211 
897	110 
898	52 
899	1 
900	136 
901	11 
902	158 
903	133 
904	73 
905	14 
906	151 
907	81 
908	159 
909	173 
910	137 
911	213 
912	57 
913	178 
914	131 
915	166 
916	217 
917	119 
918	87 
919	143 
920	107 
921	156 
922	200 
923	206 
924	77 
925	127 
926	135 
927	197 
928	1 
929	149 
930	179 
931	208 
932	103 
933	2 
934	104 
935	140 
936	168 
937	19 
938	194 
939	17 
940	201 
941	219 
942	124 
943	132 
944	90 
945	139 
946	142 
947	110 
948	164 
949	202 
950	88 
951	12 
952	6 
953	163 
954	153 
955	178 
956	118 
957	202 
958	43 
959	137 
960	101 
961	46 
962	61 
963	163 
964	73 
965	141 
966	143 
967	106 
968	134 
969	93 
970	40 
971	129 
972	98 
973	155 
974	150 
975	195 
976	46 
977	38 
978	28 
979	9 
980	211 
981	100 
982	11 
983	202 
984	145 
985	147 
986	65 
987	121 
988	127 
989	56 
990	206 
991	154 
992	175 
993	63 
994	22 
995	131 
996	39 
997	158 
998	16 
999	205 
1000	106 
1001	57 
1002	212 
1003	24 
1004	125 
1005	199 
1006	142 
1007	92 
1008	211 
1009	198 
1010	17 
1011	13 
1012	67 
1013	44 
1014	57 
1015	184 
1016	33 
1017	171 
1018	29 
1019	204 
1020	117 
1021	27 
1022	62 
1023	123 
1024	219 
1025	6 
1026	217 
1027	90 
1028	48 
1029	151 
1030	86 
1031	191 
1032	3 
1033	64 
1034	48 
1035	203 
1036	43 
1037	44 
1038	43 
1039	89 
1040	71 
1041	50 
1042	186 
1043	120 
1044	82 
1045	74 
1046	103 
1047	88 
1048	24 
1049	56 
1050	215 
1051	92 
1052	165 
1053	92 
1054	71 
1055	135 
1056	80 
1057	33 
1058	177 
1059	21 
1060	161 
1061	146 
1062	189 
1063	15 
1064	58 
1065	38 
1066	214 
1067	41 
1068	193 
1069	71 
1070	193 
1071	10 
1072	105 
1073	168 
1074	109 
1075	7 
1076	219 
1077	128 
1078	96 
1079	48 
1080	197 
1081	26 
1082	123 
1083	64 
1084	145 
1085	106 
1086	69 
1087	91 
1088	193 
1089	112 
1090	41 
1091	58 
1092	94 
1093	111 
1094	191 
1095	182 
1096	31 
1097	7 
1098	47 
1099	25 
1100	199 
1101	129 
1102	107 
1103	183 
1104	46 
1105	86 
1106	173 
1107	47 
1108	155 
1109	51 
1110	204 
1111	160 
1112	165 
1113	166 
1114	131 
1115	214 
1116	40 
1117	148 
1118	6 
1119	192 
1120	92 
1121	59 
1122	198 
1123	49 
1124	133 
1125	50 
1126	13 
1127	190 
1128	144 
1129	14 
1130	135 
1131	109 
1132	73 
1133	214 
1134	188 
1135	217 
1136	36 
1137	11 
1138	93 
1139	55 
1140	77 
1141	79 
1142	210 
1143	174 
1144	203 
1145	183 
1146	38 
1147	149 
1148	198 
1149	58 
1150	187 
1151	109 
1152	175 
1153	60 
1154	90 
1155	138 
1156	51 
1157	17 
1158	198 
1159	70 
1160	13 
1161	142 
1162	129 
1163	112 
1164	85 
1165	177 
1166	137 
1167	56 
1168	161 
1169	38 
1170	76 
1171	76 
1172	135 
1173	39 
1174	53 
1175	139 
1176	94 
1177	29 
1178	154 
1179	3 
1180	2 
1181	9 
1182	71 
1183	71 
1184	85 
1185	170 
1186	178 
1187	191 
1188	101 
1189	150 
1190	6 
1191	116 
1192	218 
1193	108 
1194	21 
1195	48 
1196	127 
1197	90 
1198	33 
1199	124 
1200	65 
1201	200 
1202	163 
1203	164 
1204	169 
1205	40 
1206	84 
1207	130 
1208	104 
1209	101 
1210	212 
1211	89 
1212	33 
1213	207 
1214	117 
1215	141 
1216	91 
1217	7 
1218	212 
1219	69 
1220	214 
1221	113 
1222	159 
1223	80 
1224	64 
1225	132 
1226	156 
1227	218 
1228	12 
1229	74 
1230	163 
1231	175 
1232	160 
1233	87 
1234	179 
1235	157 
1236	69 
1237	72 
1238	200 
1239	9 
1240	63 
1241	114 
1242	163 
1243	103 
1244	31 
1245	159 
1246	198 
1247	4 
1248	156 
1249	154 
1250	76 
1251	194 
1252	36 
1253	155 
1254	110 
1255	12 
1256	35 
1257	130 
1258	160 
1259	191 
1260	110 
1261	45 
1262	33 
1263	72 
1264	34 
1265	40 
1266	166 
1267	213 
1268	82 
1269	157 
1270	103 
1271	19 
1272	133 
1273	215 
1274	150 
1275	141 
1276	94 
1277	32 
1278	101 
1279	156 
1280	50 
1281	143 
1282	218 
1283	162 
1284	49 
1285	130 
1286	108 
1287	16 
1288	117 
1289	45 
1290	113 
1291	121 
1292	161 
1293	160 
1294	10 
1295	57 
1296	188 
1297	68 
1298	122 
1299	186 
1300	164 
1301	55 
1302	26 
1303	28 
1304	23 
1305	48 
1306	46 
1307	1 
1308	49 
1309	200 
1310	117 
1311	111 
1312	150 
1313	48 
1314	25 
1315	158 
1316	21 
1317	152 
1318	55 
1319	42 
1320	216 
1321	157 
1322	42 
1323	208 
1324	24 
1325	121 
1326	192 
1327	103 
1328	169 
1329	126 
1330	115 
1331	110 
1332	203 
1333	207 
1334	74 
1335	9 
1336	29 
1337	90 
1338	63 
1339	32 
1340	163 
1341	159 
1342	98 
1343	161 
1344	210 
1345	165 
1346	80 
1347	50 
1348	127 
1349	30 
1350	199 
1351	182 
1352	133 
1353	108 
1354	156 
1355	2 
1356	193 
1357	17 
1358	98 
1359	143 
1360	78 
1361	73 
1362	53 
1363	165 
1364	176 
1365	196 
1366	84 
1367	145 
1368	15 
1369	172 
1370	47 
1371	66 
1372	148 
1373	1 
1374	6 
1375	126 
1376	127 
1377	193 
1378	35 
1379	163 
1380	36 
1381	75 
1382	166 
1383	170 
1384	76 
1385	23 
1386	79 
1387	71 
1388	151 
1389	34 
1390	86 
1391	148 
1392	117 
1393	21 
1394	187 
1395	37 
1396	153 
1397	124 
1398	62 
1399	210 
1400	205 
1401	134 
1402	96 
1403	122 
1404	12 
1405	41 
1406	60 
1407	85 
1408	141 
1409	201 
1410	192 
1411	131 
1412	22 
1413	62 
1414	78 
1415	89 
1416	97 
1417	14 
1418	39 
1419	187 
1420	94 
1421	84 
1422	63 
1423	197 
1424	190 
1425	55 
1426	97 
1427	116 
1428	36 
1429	7 
1430	40 
1431	11 
1432	111 
1433	182 
1434	40 
1435	129 
1436	210 
1437	37 
1438	126 
1439	22 
1440	202 
1441	131 
1442	176 
1443	74 
1444	95 
1445	96 
1446	66 
1447	131 
1448	69 
1449	28 
1450	13 
1451	199 
1452	143 
1453	104 
1454	155 
1455	6 
1456	31 
1457	179 
1458	72 
1459	97 
1460	13 
1461	15 
1462	187 
1463	24 
1464	203 
1465	93 
1466	68 
1467	135 
1468	120 
1469	165 
1470	74 
1471	128 
1472	60 
1473	117 
1474	217 
1475	34 
1476	106 
1477	113 
1478	181 
1479	80 
1480	10 
1481	125 
1482	175 
1483	212 
1484	60 
1485	190 
1486	40 
1487	126 
1488	131 
1489	127 
1490	53 
1491	196 
1492	119 
1493	46 
1494	168 
1495	53 
1496	87 
1497	149 
1498	197 
1499	162 
1500	212 
1501	12 
1502	86 
1503	39 
1504	46 
1505	83 
1506	146 
1507	125 
1508	200 
1509	145 
1510	183 
1511	205 
1512	64 
1513	167 
1514	215 
1515	183 
1516	110 
1517	208 
1518	88 
1519	86 
1520	203 
1521	185 
1522	160 
1523	160 
1524	20 
1525	196 
1526	173 
1527	105 
1528	212 
1529	57 
1530	34 
1531	152 
1532	35 
1533	200 
1534	183 
1535	30 
1536	187 
1537	70 
1538	202 
1539	40 
1540	63 
1541	97 
1542	91 
1543	201 
1544	70 
1545	182 
1546	202 
1547	213 
1548	202 
1549	153 
1550	83 
1551	144 
1552	209 
1553	135 
1554	65 
1555	17 
1556	22 
1557	122 
1558	161 
1559	46 
1560	117 
1561	118 
1562	3 
1563	153 
1564	73 
1565	42 
1566	111 
1567	91 
1568	87 
1569	35 
1570	23 
1571	44 
1572	20 
1573	184 
1574	174 
1575	25 
1576	117 
1577	158 
1578	60 
1579	54 
1580	135 
1581	37 
1582	194 
1583	67 
1584	32 
1585	193 
1586	9 
1587	187 
1588	138 
1589	88 
1590	137 
1591	111 
1592	12 
1593	195 
1594	167 
1595	108 
1596	143 
1597	18 
1598	170 
1599	168 
1600	102 
1601	5 
1602	81 
1603	183 
1604	157 
1605	69 
1606	177 
1607	218 
1608	96 
1609	103 
1610	102 
1611	113 
1612	154 
1613	164 
1614	188 
1615	151 
1616	180 
1617	168 
1618	2 
1619	2 
1620	121 
1621	21 
1622	195 
1623	118 
1624	140 
1625	78 
1626	49 
1627	52 
1628	92 
1629	27 
1630	47 
1631	184 
1632	122 
1633	75 
1634	121 
1635	95 
1636	32 
1637	56 
1638	98 
1639	96 
1640	62 
1641	163 
1642	218 
1643	172 
1644	65 
1645	154 
1646	169 
1647	168 
1648	137 
1649	57 
1650	128 
1651	98 
1652	61 
1653	127 
1654	178 
1655	104 
1656	25 
1657	171 
1658	85 
1659	174 
1660	108 
1661	209 
1662	187 
1663	22 
1664	143 
1665	93 
1666	138 
1667	67 
1668	192 
1669	172 
1670	48 
1671	171 
1672	202 
1673	95 
1674	138 
1675	44 
1676	113 
1677	61 
1678	72 
1679	205 
1680	89 
1681	169 
1682	82 
1683	168 
1684	63 
1685	79 
1686	204 
1687	91 
1688	166 
1689	54 
1690	175 
1691	85 
1692	185 
1693	27 
1694	24 
1695	191 
1696	204 
1697	43 
1698	168 
1699	93 
1700	127 
1701	22 
1702	110 
1703	14 
1704	68 
1705	210 
1706	5 
1707	69 
1708	129 
1709	79 
1710	10 
1711	135 
1712	11 
1713	123 
1714	107 
1715	71 
1716	163 
1717	1 
1718	81 
1719	83 
1720	108 
1721	85 
1722	80 
1723	102 
1724	78 
1725	19 
1726	156 
1727	42 
1728	205 
1729	97 
1730	155 
1731	188 
1732	138 
1733	15 
1734	89 
1735	96 
1736	114 
1737	210 
1738	33 
1739	215 
1740	201 
1741	20 
1742	99 
1743	139 
1744	176 
1745	148 
1746	184 
1747	173 
1748	187 
1749	154 
1750	12 
1751	95 
1752	211 
1753	107 
1754	128 
1755	45 
1756	81 
1757	9 
1758	114 
1759	188 
1760	166 
1761	88 
1762	143 
1763	132 
1764	48 
1765	201 
1766	170 
1767	79 
1768	216 
1769	178 
1770	164 
1771	197 
1772	149 
1773	183 
1774	207 
1775	187 
1776	183 
1777	15 
1778	155 
1779	128 
1780	209 
1781	169 
1782	204 
1783	25 
1784	197 
1785	70 
1786	159 
1787	26 
1788	139 
1789	119 
1790	78 
1791	37 
1792	188 
1793	129 
1794	114 
1795	217 
1796	188 
1797	110 
1798	90 
1799	88 
1800	208 
1801	189 
1802	136 
1803	140 
1804	37 
1805	31 
1806	81 
1807	21 
1808	177 
1809	186 
1810	116 
1811	178 
1812	47 
1813	71 
1814	48 
1815	153 
1816	171 
1817	182 
1818	99 
1819	105 
1820	47 
1821	60 
1822	196 
1823	125 
1824	124 
1825	47 
1826	78 
1827	194 
1828	8 
1829	150 
1830	182 
1831	20 
1832	55 
1833	100 
1834	144 
1835	97 
1836	171 
1837	6 
1838	104 
1839	196 
1840	67 
1841	89 
1842	129 
1843	193 
1844	192 
1845	208 
1846	52 
1847	26 
1848	51 
1849	158 
1850	208 
1851	85 
1852	161 
1853	54 
1854	213 
1855	136 
1856	216 
1857	94 
1858	126 
1859	91 
1860	180 
1861	150 
1862	131 
1863	76 
1864	90 
1865	31 
1866	127 
1867	208 
1868	21 
1869	8 
1870	82 
1871	66 
1872	22 
1873	179 
1874	108 
1875	48 
1876	120 
1877	49 
1878	178 
1879	185 
1880	112 
1881	189 
1882	59 
1883	195 
1884	74 
1885	218 
1886	43 
1887	29 
1888	191 
1889	68 
1890	117 
1891	74 
1892	142 
1893	91 
1894	179 
1895	124 
1896	11 
1897	102 
1898	207 
1899	50 
1900	182 
1901	21 
1902	119 
1903	84 
1904	127 
1905	66 
1906	143 
1907	209 
1908	24 
1909	69 
1910	110 
1911	111 
1912	123 
1913	201 
1914	162 
1915	114 
1916	119 
1917	196 
1918	111 
1919	88 
1920	215 
1921	105 
1922	184 
1923	159 
1924	219 
1925	31 
1926	152 
1927	201 
1928	179 
1929	113 
1930	110 
1931	125 
1932	211 
1933	33 
1934	1 
1935	109 
1936	123 
1937	80 
1938	150 
1939	43 
1940	142 
1941	176 
1942	36 
1943	43 
1944	205 
1945	202 
1946	63 
1947	165 
1948	10 
1949	35 
1950	187 
1951	110 
1952	81 
1953	12 
1954	117 
1955	68 
1956	116 
1957	213 
1958	1 
1959	31 
1960	172 
1961	115 
1962	187 
1963	5 
1964	202 
1965	19 
1966	211 
1967	51 
1968	150 
1969	18 
1970	152 
1971	25 
1972	185 
1973	126 
1974	143 
1975	5 
1976	80 
1977	135 
1978	55 
1979	82 
1980	189 
1981	139 
1982	35 
1983	27 
1984	183 
1985	175 
1986	91 
1987	35 
1988	151 
1989	125 
1990	59 
1991	76 
1992	9 
1993	119 
1994	136 
1995	169 
1996	110 
1997	209 
1998	74 
1999	182 
2000	69 
2001	73 
2002	166 
2003	201 
2004	112 
2005	131 
2006	169 
2007	112 
2008	184 
2009	114 
2010	7 
2011	211 
2012	2 
2013	215 
2014	59 
2015	91 
2016	25 
2017	207 
2018	105 
2019	155 
2020	59 
2021	215 
2022	116 
2023	6 
2024	59 
2025	46 
2026	152 
2027	83 
2028	124 
2029	40 
2030	183 
2031	143 
2032	149 
2033	167 
2034	167 
2035	88 
2036	171 
2037	195 
2038	39 
2039	6 
2040	160 
2041	157 
2042	56 
2043	155 
2044	160 
2045	179 
2046	53 
2047	55 
2048	106 
2049	165 
2050	157 
2051	115 
2052	17 
2053	88 
2054	205 
2055	71 
2056	145 
2057	130 
2058	214 
2059	145 
2060	126 
2061	10 
2062	84 
2063	118 
2064	119 
2065	35 
2066	33 
2067	189 
2068	124 
2069	201 
2070	124 
2071	25 
2072	112 
2073	13 
2074	149 
2075	204 
2076	125 
2077	25 
2078	51 
2079	136 
2080	212 
2081	165 
2082	79 
2083	11 
2084	212 
2085	179 
2086	195 
2087	58 
2088	155 
2089	57 
2090	157 
2091	163 
2092	56 
2093	159 
2094	57 
2095	127 
2096	120 
2097	51 
2098	195 
2099	210 
2100	57 
2101	91 
2102	70 
2103	168 
2104	11 
2105	162 
2106	122 
2107	47 
2108	105 
2109	76 
2110	172 
2111	90 
2112	103 
2113	127 
2114	80 
2115	26 
2116	104 
2117	5 
2118	183 
2119	44 
2120	61 
2121	112 
2122	90 
2123	17 
2124	20 
2125	213 
2126	28 
2127	207 
2128	121 
2129	210 
2130	197 
2131	134 
2132	188 
2133	137 
2134	107 
2135	154 
2136	123 
2137	104 
2138	210 
2139	60 
2140	52 
2141	205 
2142	126 
2143	184 
2144	217 
2145	74 
2146	86 
2147	176 
2148	123 
2149	1 
2150	126 
2151	151 
2152	177 
2153	188 
2154	124 
2155	48 
2156	72 
2157	69 
2158	196 
2159	152 
2160	99 
2161	129 
2162	194 
2163	152 
2164	41 
2165	157 
2166	218 
2167	153 
2168	111 
2169	56 
2170	63 
2171	178 
2172	63 
2173	93 
2174	63 
2175	157 
2176	210 
2177	41 
2178	94 
2179	54 
2180	130 
2181	13 
2182	45 
2183	39 
2184	162 
2185	49 
2186	207 
2187	86 
2188	129 
2189	76 
2190	17 
2191	137 
2192	202 
2193	2 
2194	72 
2195	159 
2196	39 
2197	212 
2198	2 
2199	194 
2200	123 
2201	182 
2202	151 
2203	7 
2204	106 
2205	173 
2206	18 
2207	207 
2208	151 
2209	130 
2210	102 
2211	104 
2212	159 
2213	31 
2214	180 
2215	197 
2216	122 
2217	68 
2218	171 
2219	4 
2220	207 
2221	105 
2222	4 
2223	99 
2224	50 
2225	20 
2226	162 
2227	75 
2228	200 
2229	180 
2230	166 
2231	167 
2232	158 
2233	176 
2234	41 
2235	98 
2236	208 
2237	207 
2238	56 
2239	165 
2240	179 
2241	161 
2242	4 
2243	209 
2244	43 
2245	186 
2246	175 
2247	37 
2248	28 
2249	7 
2250	213 
2251	50 
2252	150 
2253	217 
2254	188 
2255	97 
2256	115 
2257	112 
2258	165 
2259	160 
2260	185 
2261	55 
2262	59 
2263	140 
2264	28 
2265	33 
2266	98 
2267	48 
2268	127 
2269	135 
2270	211 
2271	50 
2272	41 
2273	82 
2274	11 
2275	167 
2276	104 
2277	217 
2278	110 
2279	11 
2280	23 
2281	71 
2282	66 
2283	158 
2284	65 
2285	5 
2286	60 
2287	173 
2288	124 
2289	153 
2290	166 
2291	67 
2292	177 
2293	107 
2294	123 
2295	190 
2296	104 
2297	209 
2298	56 
2299	93 
2300	124 
2301	210 
2302	139 
2303	217 
2304	72 
2305	62 
2306	16 
2307	162 
2308	22 
2309	208 
2310	139 
2311	149 
2312	199 
2313	105 
2314	171 
2315	129 
2316	51 
2317	59 
2318	106 
2319	98 
2320	18 
2321	75 
2322	133 
2323	208 
2324	209 
2325	100 
2326	194 
2327	218 
2328	105 
2329	177 
2330	105 
2331	172 
2332	41 
2333	182 
2334	35 
2335	150 
2336	52 
2337	94 
2338	211 
2339	187 
2340	56 
2341	108 
2342	107 
2343	211 
2344	60 
2345	72 
2346	161 
2347	81 
2348	72 
2349	119 
2350	6 
2351	24 
2352	108 
2353	73 
2354	193 
2355	13 
2356	78 
2357	120 
2358	207 
2359	32 
2360	18 
2361	116 
2362	94 
2363	212 
2364	208 
2365	135 
2366	26 
2367	66 
2368	74 
2369	112 
2370	175 
2371	178 
2372	70 
2373	163 
2374	51 
2375	200 
2376	41 
2377	37 
2378	79 
2379	1 
2380	47 
2381	1 
2382	144 
2383	194 
2384	208 
2385	31 
2386	193 
2387	4 
2388	210 
2389	106 
2390	93 
2391	130 
2392	100 
2393	215 
2394	81 
2395	113 
2396	55 
2397	1 
2398	143 
2399	201 
2400	182 
2401	210 
2402	74 
2403	189 
2404	182 
2405	68 
2406	113 
2407	20 
2408	144 
2409	88 
2410	120 
2411	178 
2412	204 
2413	152 
2414	215 
2415	6 
2416	5 
2417	117 
2418	25 
2419	84 
2420	98 
2421	200 
2422	194 
2423	116 
2424	122 
2425	110 
2426	30 
2427	14 
2428	150 
2429	58 
2430	124 
2431	83 
2432	165 
2433	88 
2434	106 
2435	144 
2436	89 
2437	90 
2438	139 
2439	67 
2440	76 
2441	97 
2442	122 
2443	49 
2444	104 
2445	133 
2446	167 
2447	68 
2448	6 
2449	159 
2450	39 
2451	120 
2452	1 
2453	59 
2454	193 
2455	205 
2456	124 
2457	96 
2458	213 
2459	11 
2460	99 
2461	47 
2462	120 
2463	192 
2464	115 
2465	23 
2466	34 
2467	30 
2468	55 
2469	19 
2470	37 
2471	98 
2472	108 
2473	166 
2474	105 
2475	60 
2476	65 
2477	113 
2478	159 
2479	114 
2480	123 
2481	20 
2482	51 
2483	79 
2484	201 
2485	200 
2486	199 
2487	3 
2488	37 
2489	82 
2490	100 
2491	66 
2492	158 
2493	208 
2494	100 
2495	7 
2496	28 
2497	93 
2498	176 
2499	69 
2500	100 
2501	1 
2502	137 
2503	106 
2504	178 
2505	151 
2506	178 
2507	99 
2508	109 
2509	186 
2510	45 
2511	78 
2512	91 
2513	4 
2514	67 
2515	78 
2516	88 
2517	167 
2518	144 
2519	62 
2520	158 
2521	118 
2522	47 
2523	113 
2524	201 
2525	140 
2526	74 
2527	167 
2528	57 
2529	217 
2530	89 
2531	102 
2532	79 
2533	141 
2534	13 
2535	88 
2536	76 
2537	90 
2538	162 
2539	133 
2540	73 
2541	5 
2542	158 
2543	115 
2544	30 
2545	88 
2546	58 
2547	48 
2548	71 
2549	109 
2550	176 
2551	143 
2552	55 
2553	160 
2554	33 
2555	185 
2556	172 
2557	85 
2558	49 
2559	153 
2560	139 
2561	216 
2562	166 
2563	34 
2564	196 
2565	129 
2566	118 
2567	99 
2568	109 
2569	58 
2570	55 
2571	109 
2572	115 
2573	82 
2574	111 
2575	209 
2576	151 
2577	71 
2578	54 
2579	84 
2580	106 
2581	90 
2582	79 
2583	23 
2584	61 
2585	54 
2586	4 
2587	161 
2588	119 
2589	24 
2590	75 
2591	83 
2592	189 
2593	143 
2594	74 
2595	107 
2596	214 
2597	126 
2598	104 
2599	26 
2600	167 
2601	43 
2602	58 
2603	84 
2604	183 
2605	82 
2606	98 
2607	47 
2608	207 
2609	3 
2610	50 
2611	67 
2612	69 
2613	202 
2614	100 
2615	19 
2616	82 
2617	2 
2618	197 
2619	16 
2620	150 
2621	124 
2622	79 
2623	68 
2624	115 
2625	167 
2626	68 
2627	135 
2628	176 
2629	5 
2630	149 
2631	130 
2632	172 
2633	113 
2634	2 
2635	187 
2636	188 
2637	192 
2638	73 
2639	212 
2640	65 
2641	79 
2642	61 
2643	10 
2644	219 
2645	94 
2646	78 
2647	100 
2648	179 
2649	114 
2650	173 
2651	111 
2652	56 
2653	24 
2654	32 
2655	202 
2656	45 
2657	140 
2658	200 
2659	54 
2660	173 
2661	193 
2662	133 
2663	136 
2664	157 
2665	21 
2666	28 
2667	80 
2668	93 
2669	32 
2670	104 
2671	114 
2672	96 
2673	49 
2674	139 
2675	105 
2676	13 
2677	67 
2678	195 
2679	218 
2680	123 
2681	151 
2682	47 
2683	2 
2684	108 
2685	45 
2686	24 
2687	104 
2688	186 
2689	56 
2690	182 
2691	85 
2692	118 
2693	187 
2694	99 
2695	16 
2696	6 
2697	133 
2698	186 
2699	166 
2700	79 
2701	12 
2702	157 
2703	73 
2704	23 
2705	142 
2706	120 
2707	126 
2708	6 
2709	212 
2710	29 
2711	213 
2712	24 
2713	79 
2714	119 
2715	51 
2716	196 
2717	137 
2718	73 
2719	199 
2720	111 
2721	19 
2722	143 
2723	163 
2724	213 
2725	144 
2726	183 
2727	3 
2728	140 
2729	207 
2730	172 
2731	7 
2732	218 
2733	19 
2734	167 
2735	54 
2736	105 
2737	83 
2738	158 
2739	80 
2740	30 
2741	114 
2742	85 
2743	72 
2744	158 
2745	122 
2746	210 
2747	89 
2748	198 
2749	140 
2750	30 
2751	51 
2752	159 
2753	186 
2754	139 
2755	110 
2756	70 
2757	219 
2758	89 
2759	32 
2760	210 
2761	31 
2762	199 
2763	60 
2764	56 
2765	166 
2766	45 
2767	214 
2768	125 
2769	210 
2770	177 
2771	39 
2772	131 
2773	192 
2774	8 
2775	80 
2776	88 
2777	2 
2778	26 
2779	91 
2780	30 
2781	20 
2782	50 
2783	194 
2784	10 
2785	12 
2786	18 
2787	207 
2788	80 
2789	100 
2790	102 
2791	66 
2792	189 
2793	8 
2794	172 
2795	160 
2796	199 
2797	30 
2798	47 
2799	113 
2800	151 
2801	4 
2802	47 
2803	96 
2804	160 
2805	139 
2806	41 
2807	54 
2808	142 
2809	56 
2810	60 
2811	120 
2812	152 
2813	215 
2814	79 
2815	217 
2816	65 
2817	60 
2818	188 
2819	210 
2820	32 
2821	215 
2822	79 
2823	32 
2824	12 
2825	124 
2826	102 
2827	139 
2828	202 
2829	39 
2830	149 
2831	173 
2832	109 
2833	125 
2834	107 
2835	29 
2836	140 
2837	141 
2838	20 
2839	83 
2840	17 
2841	105 
2842	166 
2843	177 
2844	48 
2845	26 
2846	68 
2847	134 
2848	19 
2849	117 
2850	39 
2851	68 
2852	66 
2853	179 
2854	72 
2855	216 
2856	23 
2857	20 
2858	51 
2859	79 
2860	105 
2861	133 
2862	79 
2863	173 
2864	118 
2865	166 
2866	134 
2867	113 
2868	212 
2869	49 
2870	100 
2871	212 
2872	214 
2873	25 
2874	54 
2875	194 
2876	210 
2877	33 
2878	47 
2879	69 
2880	131 
2881	78 
2882	136 
2883	19 
2884	143 
2885	94 
2886	70 
2887	37 
2888	24 
2889	198 
2890	1 
2891	68 
2892	189 
2893	14 
2894	75 
2895	89 
2896	219 
2897	105 
2898	79 
2899	39 
2900	167 
2901	210 
2902	28 
2903	78 
2904	193 
2905	113 
2906	25 
2907	48 
2908	214 
2909	131 
2910	149 
2911	58 
2912	133 
2913	192 
2914	150 
2915	76 
2916	1 
2917	100 
2918	24 
2919	135 
2920	56 
2921	57 
2922	177 
2923	49 
2924	104 
2925	142 
2926	160 
2927	8 
2928	107 
2929	166 
2930	70 
2931	16 
2932	163 
2933	65 
2934	76 
2935	94 
2936	7 
2937	118 
2938	217 
2939	119 
2940	6 
2941	18 
2942	197 
2943	192 
2944	196 
2945	39 
2946	4 
2947	45 
2948	60 
2949	209 
2950	67 
2951	136 
2952	70 
2953	76 
2954	195 
2955	117 
2956	158 
2957	71 
2958	139 
2959	94 
2960	134 
2961	30 
2962	71 
2963	102 
2964	25 
2965	73 
2966	34 
2967	122 
2968	152 
2969	131 
2970	160 
2971	8 
2972	109 
2973	209 
2974	75 
2975	102 
2976	84 
2977	182 
2978	39 
2979	56 
2980	119 
2981	215 
2982	172 
2983	127 
2984	23 
2985	50 
2986	47 
2987	24 
2988	126 
2989	24 
2990	8 
2991	198 
2992	8 
2993	136 
2994	1 
2995	30 
2996	125 
2997	199 
2998	110 
2999	161 
3000	140 
3001	124 
3002	56 
3003	182 
3004	71 
3005	144 
3006	57 
3007	126 
3008	55 
3009	110 
3010	106 
3011	211 
3012	119 
3013	129 
3014	85 
3015	207 
3016	160 
3017	216 
3018	4 
3019	25 
3020	19 
3021	216 
3022	139 
3023	158 
3024	30 
3025	7 
3026	82 
3027	133 
3028	117 
3029	117 
3030	201 
3031	117 
3032	60 
3033	3 
3034	161 
3035	136 
3036	214 
3037	85 
3038	25 
3039	192 
3040	192 
3041	69 
3042	72 
3043	125 
3044	57 
3045	12 
3046	19 
3047	3 
3048	150 
3049	66 
3050	70 
3051	65 
3052	197 
3053	19 
3054	149 
3055	102 
3056	18 
3057	58 
3058	214 
3059	73 
3060	56 
3061	68 
3062	126 
3063	218 
3064	172 
3065	117 
3066	6 
3067	173 
3068	207 
3069	218 
3070	194 
3071	63 
3072	215 
3073	202 
3074	68 
3075	107 
3076	63 
3077	50 
3078	32 
3079	134 
3080	88 
3081	66 
3082	141 
3083	118 
3084	187 
3085	141 
3086	24 
3087	115 
3088	18 
3089	73 
3090	66 
3091	196 
3092	205 
3093	172 
3094	28 
3095	135 
3096	3 
3097	48 
3098	93 
3099	60 
3100	34 
3101	172 
3102	149 
3103	6 
3104	194 
3105	23 
3106	21 
3107	167 
3108	1 
3109	41 
3110	109 
3111	58 
3112	60 
3113	65 
3114	75 
3115	84 
3116	163 
3117	2 
3118	1 
3119	135 
3120	58 
3121	124 
3122	167 
3123	182 
3124	67 
3125	215 
3126	161 
3127	173 
3128	195 
3129	140 
3130	23 
3131	90 
3132	72 
3133	47 
3134	63 
3135	49 
3136	14 
3137	126 
3138	194 
3139	194 
3140	179 
3141	13 
3142	7 
3143	113 
3144	71 
3145	134 
3146	124 
3147	197 
3148	66 
3149	167 
3150	3 
3151	93 
3152	37 
3153	161 
3154	195 
3155	100 
3156	69 
3157	115 
3158	215 
3159	18 
3160	134 
3161	20 
3162	131 
3163	208 
3164	210 
3165	161 
3166	217 
3167	163 
3168	124 
3169	202 
3170	126 
3171	140 
3172	152 
3173	173 
3174	119 
3175	143 
3176	119 
3177	205 
3178	1 
3179	123 
3180	39 
3181	124 
3182	20 
3183	29 
3184	57 
3185	155 
3186	120 
3187	117 
3188	54 
3189	14 
3190	98 
3191	68 
3192	173 
3193	114 
3194	187 
3195	31 
3196	83 
3197	200 
3198	88 
3199	93 
3200	149 
3201	215 
3202	124 
3203	160 
3204	118 
3205	83 
3206	10 
3207	198 
3208	152 
3209	50 
3210	20 
3211	93 
3212	85 
3213	7 
3214	30 
3215	182 
3216	14 
3217	207 
3218	21 
3219	72 
3220	79 
3221	142 
3222	50 
3223	192 
3224	18 
3225	141 
3226	183 
3227	88 
3228	96 
3229	34 
3230	11 
3231	67 
3232	123 
3233	74 
3234	140 
3235	91 
3236	72 
3237	8 
3238	187 
3239	216 
3240	200 
3241	210 
3242	17 
3243	131 
3244	82 
3245	219 
3246	76 
3247	182 
3248	83 
3249	74 
3250	33 
3251	166 
3252	57 
3253	1 
3254	111 
3255	143 
3256	144 
3257	96 
3258	17 
3259	70 
3260	129 
3261	172 
3262	131 
3263	143 
3264	90 
3265	14 
3266	182 
3267	13 
3268	212 
3269	151 
3270	208 
3271	10 
3272	13 
3273	193 
3274	4 
3275	41 
3276	151 
3277	143 
3278	18 
3279	117 
3280	17 
3281	194 
3282	70 
3283	166 
3284	158 
3285	99 
3286	39 
3287	4 
3288	187 
3289	113 
3290	119 
3291	144 
3292	219 
3293	19 
3294	141 
3295	90 
3296	113 
3297	34 
3298	202 
3299	205 
3300	205 
3301	115 
3302	50 
3303	39 
3304	197 
3305	219 
3306	60 
3307	23 
3308	129 
3309	113 
3310	201 
3311	158 
3312	54 
3313	1 
3314	167 
3315	88 
3316	99 
3317	209 
3318	78 
3319	88 
3320	82 
3321	12 
3322	142 
3323	102 
3324	41 
3325	17 
3326	82 
3327	91 
3328	56 
3329	219 
3330	67 
3331	150 
3332	75 
3333	29 
3334	93 
3335	23 
3336	194 
3337	96 
3338	41 
3339	50 
3340	173 
3341	3 
3342	109 
3343	210 
3344	212 
3345	45 
3346	187 
3347	166 
3348	6 
3349	50 
3350	58 
3351	57 
3352	85 
3353	25 
3354	192 
3355	140 
3356	110 
3357	8 
3358	63 
3359	217 
3360	70 
3361	182 
3362	93 
3363	30 
3364	151 
3365	216 
3366	167 
3367	82 
3368	200 
3369	14 
3370	216 
3371	13 
3372	118 
3373	126 
3374	39 
3375	205 
3376	58 
3377	124 
3378	84 
3379	111 
3380	29 
3381	134 
3382	34 
3383	12 
3384	58 
3385	90 
3386	199 
3387	70 
3388	143 
3389	1 
3390	152 
3391	6 
3392	152 
3393	68 
3394	78 
3395	126 
3396	80 
3397	98 
3398	17 
3399	56 
3400	63 
3401	88 
3402	60 
3403	114 
3404	102 
3405	2 
3406	208 
3407	199 
3408	122 
3409	11 
3410	83 
3411	111 
3412	57 
3413	131 
3414	39 
3415	152 
3416	79 
3417	99 
3418	129 
3419	102 
3420	216 
3421	118 
3422	24 
3423	74 
3424	105 
3425	104 
3426	201 
3427	37 
3428	79 
3429	134 
3430	149 
3431	88 
3432	210 
3433	30 
3434	151 
3435	39 
3436	29 
3437	14 
3438	63 
3439	159 
3440	98 
3441	6 
3442	47 
3443	99 
3444	212 
3445	189 
3446	160 
3447	144 
3448	194 
3449	192 
3450	131 
3451	183 
3452	150 
3453	199 
3454	71 
3455	37 
3456	68 
3457	75 
3458	129 
3459	173 
3460	50 
3461	198 
3462	105 
3463	72 
3464	113 
3465	216 
3466	136 
3467	56 
3468	91 
3469	60 
3470	219 
3471	115 
3472	178 
3473	123 
3474	152 
3475	123 
3476	13 
3477	98 
3478	12 
3479	49 
3480	219 
3481	37 
3482	149 
3483	74 
3484	84 
3485	39 
3486	160 
3487	199 
3488	214 
3489	197 
3490	123 
3491	17 
3492	17 
3493	23 
3494	189 
3495	126 
3496	107 
3497	173 
3498	82 
3499	98 
3500	74 
3501	215 
3502	50 
3503	135 
3504	6 
3505	107 
3506	49 
3507	144 
3508	25 
3509	150 
3510	123 
3511	41 
3512	209 
3513	140 
3514	155 
3515	209 
3516	217 
3517	149 
3518	207 
3519	140 
3520	107 
3521	76 
3522	104 
3523	195 
3524	208 
3525	13 
3526	160 
3527	109 
3528	192 
3529	208 
3530	6 
3531	214 
3532	88 
3533	45 
3534	88 
3535	200 
3536	155 
3537	55 
3538	82 
3539	96 
3540	85 
3541	192 
3542	37 
3543	106 
3544	25 
3545	67 
3546	20 
3547	155 
3548	155 
3549	82 
3550	3 
3551	178 
3552	25 
3553	109 
3554	47 
3555	158 
3556	194 
3557	109 
3558	202 
3559	201 
3560	50 
3561	129 
3562	197 
3563	199 
3564	82 
3565	135 
3566	192 
3567	70 
3568	119 
3569	14 
3570	68 
3571	57 
3572	217 
3573	136 
3574	202 
3575	79 
3576	159 
3577	155 
3578	135 
3579	173 
3580	155 
3581	219 
3582	109 
3583	34 
3584	131 
3585	189 
3586	127 
3587	29 
3588	172 
3589	129 
3590	158 
3591	200 
3592	144 
3593	187 
3594	172 
3595	58 
3596	63 
3597	201 
3598	144 
3599	69 
3600	106 
3601	29 
3602	140 
3603	85 
3604	90 
3605	144 
3606	106 
3607	210 
3608	12 
3609	55 
3610	178 
3611	114 
3612	13 
3613	85 
3614	60 
3615	135 
3616	68 
3617	207 
3618	127 
3619	195 
3620	152 
3621	106 
3622	212 
3623	124 
3624	6 
3625	122 
3626	68 
3627	69 
3628	160 
3629	107 
3630	172 
3631	7 
3632	114 
3633	143 
3634	131 
3635	58 
3636	214 
3637	126 
3638	160 
3639	29 
3640	201 
3641	110 
3642	212 
3643	7 
3644	3 
3645	155 
3646	114 
3647	90 
3648	182 
3649	45 
3650	29 
3651	131 
3652	217 
3653	201 
3654	205 
3655	199 
3656	155 
3657	23 
3658	11 
3659	117 
3660	91 
3661	49 
3662	150 
3663	57 
3664	134 
3665	117 
3666	80 
3667	6 
3668	198 
3669	122 
3670	3 
3671	189 
3672	212 
3673	198 
3674	63 
3675	130 
3676	83 
3677	187 
3678	69 
3679	202 
3680	129 
3681	152 
3682	58 
3683	124 
3684	106 
3685	25 
3686	76 
3687	136 
3688	200 
3689	47 
3690	88 
3691	214 
3692	202 
3693	172 
3694	80 
3695	79 
3696	210 
3697	152 
3698	127 
3699	90 
3700	127 
3701	85 
3702	12 
3703	131 
3704	107 
3705	96 
3706	215 
3707	29 
3708	1 
3709	136 
3710	216 
3711	202 
3712	106 
3713	122 
3714	140 
3715	55 
3716	55 
3717	110 
3718	49 
3719	167 
3720	178 
3721	129 
3722	71 
3723	76 
3724	6 
3725	152 
3726	23 
3727	130 
3728	55 
3729	102 
3730	70 
3731	84 
3732	96 
3733	205 
3734	212 
3735	198 
3736	96 
3737	214 
3738	49 
3739	172 
3740	56 
3741	70 
3742	20 
3743	159 
3744	123 
3745	158 
3746	102 
3747	106 
3748	47 
3749	173 
3750	136 
3751	83 
3752	80 
3753	217 
3754	110 
3755	159 
3756	55 
3757	50 
3758	34 
3759	96 
3760	126 
3761	71 
3762	201 
3763	23 
3764	49 
3765	91 
3766	149 
3767	199 
3768	187 
3769	216 
3770	74 
3771	166 
3772	131 
3773	136 
3774	12 
3775	127 
3776	136 
3777	102 
3778	109 
3779	29 
3780	199 
3781	123 
3782	110 
3783	34 
3784	118 
3785	34 
3786	47 
3787	11 
3788	57 
3789	210 
3790	48 
3791	3 
3792	13 
3793	39 
3794	82 
3795	107 
3796	189 
3797	127 
3798	56 
3799	197 
3800	212 
3801	201 
3802	93 
3803	13 
3804	3 
3805	131 
3806	192 
3807	96 
3808	91 
3809	110 
3810	150 
3811	202 
3812	67 
3813	136 
3814	127 
3815	214 
3816	3 
3817	136 
3818	150 
3819	24 
3820	25 
3821	216 
3822	69 
3823	55 
3824	205 
3825	49 
3826	71 
3827	130 
3828	107 
3829	20 
3830	200 
3831	130 
3832	76 
3833	63 
3834	144 
3835	12 
3836	152 
3837	130 
3838	102 
3839	14 
3840	37 
3841	104 
3842	58 
3843	144 
3844	140 
3845	39 
3846	195 
3847	212 
3848	29 
3849	210 
3850	47 
3851	198 
3852	83 
3853	102 
3854	216 
3855	74 
3856	114 
3857	37 
3858	216 
3859	118 
3860	130 
3861	161 
3862	192 
3863	200 
3864	126 
3865	201 
3866	135 
3867	187 
3868	152 
3869	71 
3870	60 
3871	192 
3872	110 
3873	126 
3874	82 
3875	91 
3876	155 
3877	143 
3878	60 
3879	195 
3880	202 
3881	144 
3882	194 
3883	182 
3884	79 
3885	83 
3886	74 
3887	198 
3888	117 
3889	198 
3890	63 
3891	69 
3892	60 
3893	104 
3894	80 
3895	104 
3896	25 
3897	172 
3898	189 
3899	119 
3900	152 
3901	107 
3902	85 
3903	197 
3904	205 
3905	158 
3906	199 
3907	192 
3908	67 
3909	131 
3910	118 
3911	135 
3912	48 
3913	76 
3914	20 
3915	20 
3916	80 
3917	13 
3918	114 
3919	207 
3920	178 
3921	70 
3922	12 
3923	88 
3924	45 
3925	200 
3926	47 
3927	114 
3928	63 
3929	23 
3930	198 
3931	182 
3932	80 
3933	172 
3934	127 
3935	140 
3936	90 
3937	113 
3938	63 
3939	202 
3940	124 
3941	49 
3942	23 
3943	155 
3944	57 
3945	96 
3946	172 
3947	150 
3948	60 
3949	159 
3950	55 
3951	7 
3952	202 
3953	201 
3954	98 
3955	79 
3956	205 
3957	195 
3958	216 
3959	200 
3960	71 
3961	1 
3962	159 
3963	212 
3964	91 
3965	197 
3966	7 
3967	68 
3968	217 
3969	20 
3970	56 
3971	214 
3972	143 
3973	205 
3974	29 
3975	83 
3976	114 
3977	178 
3978	215 
3979	131 
3980	117 
3981	199 
3982	1 
3983	63 
3984	144 
3985	34 
3986	50 
3987	20 
3988	58 
3989	214 
3990	130 
3991	91 
3992	166 
3993	70 
3994	55 
3995	104 
3996	11 
3997	202 
3998	60 
3999	173 
4000	80 
4001	201 
4002	96 
4003	68 
4004	119 
4005	63 
4006	143 
4007	117 
4008	14 
4009	129 
4010	210 
4011	93 
4012	207 
4013	150 
4014	105 
4015	200 
4016	118 
4017	6 
4018	201 
4019	215 
4020	57 
4021	205 
4022	76 
4023	199 
4024	102 
4025	110 
4026	69 
4027	126 
4028	144 
4029	50 
4030	82 
4031	79 
4032	63 
4033	161 
4034	160 
4035	136 
4036	136 
4037	96 
4038	201 
4039	105 
4040	189 
4041	119 
4042	201 
4043	210 
4044	118 
4045	158 
4046	102 
4047	158 
4048	83 
4049	142 
4050	161 
4051	24 
4052	37 
4053	119 
4054	119 
4055	144 
4056	215 
4057	160 
4058	25 
4059	119 
4060	161 
4061	102 
4062	6 
4063	47 
4064	82 
4065	140 
4066	173 
4067	74 
4068	56 
4069	152 
4070	1 
4071	57 
4072	142 
4073	1 
4074	187 
4075	1 
4076	49 
4077	83 
4078	93 
4079	37 
4080	55 
4081	131 
4082	124 
4083	23 
4084	50 
4085	126 
4086	85 
4087	80 
4088	68 
4089	76 
4090	57 
4091	88 
4092	197 
4093	119 
4094	98 
4095	119 
4096	80 
4097	69 
4098	76 
4099	195 
4100	182 
4101	200 
4102	210 
4103	198 
4104	144 
4105	71 
4106	71 
4107	11 
4108	12 
4109	57 
4110	212 
4111	60 
4112	29 
4113	107 
4114	102 
4115	11 
4116	136 
4117	63 
4118	143 
4119	107 
4120	127 
4121	11 
4122	96 
4123	76 
4124	69 
4125	194 
4126	126 
4127	20 
4128	96 
4129	143 
4130	11 
4131	107 
4132	117 
4133	207 
4134	49 
4135	127 
4136	217 
4137	140 
4138	123 
4139	76 
4140	172 
4141	199 
4142	143 
4143	159 
4144	37 
4145	23 
4146	143 
4147	123 
4148	192 
4149	215 
4150	155 
4151	155 
4152	74 
4153	207 
4154	69 
4155	217 
4156	98 
4157	57 
4158	69 
4159	194 
4160	29 
4161	56 
4162	150 
4163	140 
4164	80 
4165	20 
4166	212 
4167	37 
4168	70 
4169	131 
4170	197 
4171	80 
4172	198 
4173	202 
4174	80 
4175	119 
4176	200 
4177	123 
4178	96 
4179	12 
4180	6 
4181	131 
4182	85 
4183	150 
4184	49 
4185	88 
4186	215 
4187	74 
4188	212 
4189	215 
4190	207 
4191	63 
4192	102 
4193	88 
4194	187 
4195	76 
4196	63 
4197	198 
4198	60 
4199	85 
4200	25 
4201	142 
4202	216 
4203	117 
4204	20 
4205	57 
4206	85 
4207	197 
4208	69 
4209	82 
4210	49 
4211	194 
4212	135 
4213	192 
4214	39 
4215	76 
4216	98 
4217	195 
4218	83 
4219	6 
4220	6 
4221	210 
4222	136 
4223	126 
4224	29 
4225	68 
4226	217 
4227	71 
4228	11 
4229	166 
4230	60 
4231	195 
4232	192 
4233	131 
4234	195 
4235	187 
4236	210 
4237	166 
4238	194 
4239	114 
4240	166 
4241	216 
4242	60 
4243	127 
4244	152 
4245	214 
4246	49 
4247	88 
4248	118 
4249	182 
4250	29 
4251	215 
4252	117 
4253	105 
4254	160 
4255	68 
4256	118 
4257	199 
4258	29 
4259	129 
4260	80 
4261	212 
4262	25 
4263	55 
4264	202 
4265	50 
4266	200 
4267	47 
4268	74 
4269	39 
4270	195 
4271	82 
4272	127 
4273	29 
4274	118 
4275	198 
4276	57 
4277	105 
4278	150 
4279	216 
4280	155 
4281	142 
4282	194 
4283	60 
4284	37 
4285	124 
4286	198 
4287	131 
4288	88 
4289	118 
4290	166 
4291	199 
4292	136 
4293	142 
4294	202 
4295	85 
4296	110 
4297	207 
4298	210 
4299	173 
4300	79 
4301	20 
4302	74 
4303	60 
4304	210 
4305	98 
4306	158 
4307	192 
4308	110 
4309	57 
4310	12 
4311	135 
4312	68 
4313	57 
4314	93 
4315	195 
4316	110 
4317	117 
4318	119 
4319	110 
4320	119 
4321	55 
4322	187 
4323	135 
4324	202 
4325	57 
4326	119 
4327	118 
4328	166 
4329	25 
4330	136 
4331	102 
4332	166 
4333	118 
4334	50 
4335	37 
4336	83 
4337	127 
4338	50 
4339	98 
4340	144 
4341	158 
4342	114 
4343	12 
4344	118 
4345	140 
4346	25 
4347	192 
4348	57 
4349	29 
4350	150 
4351	105 
4352	114 
4353	105 
4354	47 
4355	215 
4356	102 
4357	20 
4358	114 
4359	150 
4360	195 
4361	91 
4362	124 
4363	200 
4364	90 
4365	129 
4366	57 
4367	93 
4368	166 
4369	39 
4370	152 
4371	158 
4372	110 
4373	56 
4374	90 
4375	91 
4376	143 
4377	83 
4378	143 
4379	105 
4380	142 
4381	114 
4382	127 
4383	172 
4384	202 
4385	207 
4386	192 
4387	129 
4388	76 
4389	88 
4390	29 
4391	71 
4392	155 
4393	90 
4394	201 
4395	88 
4396	85 
4397	142 
4398	173 
4399	140 
4400	39 
4401	131 
4402	20 
4403	158 
4404	127 
4405	123 
4406	198 
4407	142 
4408	127 
4409	6 
4410	195 
4411	143 
4412	123 
4413	215 
4414	200 
4415	158 
4416	71 
4417	60 
4418	63 
4419	79 
4420	83 
4421	173 
4422	63 
4423	83 
4424	210 
4425	39 
4426	197 
4427	118 
4428	49 
4429	55 
4430	210 
4431	182 
4432	93 
4433	117 
4434	136 
4435	70 
4436	182 
4437	55 
4438	1 
4439	172 
4440	25 
4441	49 
4442	60 
4443	85 
4444	150 
4445	56 
4446	212 
4447	70 
4448	98 
4449	144 
4450	127 
4451	114 
4452	119 
4453	194 
4454	57 
4455	119 
4456	102 
4457	47 
4458	216 
4459	197 
4460	49 
4461	198 
4462	102 
4463	6 
4464	207 
4465	68 
4466	173 
4467	110 
4468	142 
4469	155 
4470	90 
4471	155 
4472	71 
4473	105 
4474	212 
4475	142 
4476	119 
4477	70 
4478	119 
4479	63 
4480	98 
4481	114 
4482	114 
4483	39 
4484	129 
4485	105 
4486	197 
4487	172 
4488	124 
4489	102 
4490	201 
4491	60 
4492	49 
4493	70 
4494	117 
4495	57 
4496	127 
4497	129 
4498	155 
4499	152 
4500	126 
4501	25 
4502	25 
4503	39 
4504	210 
4505	198 
4506	118 
4507	195 
4508	93 
4509	76 
4510	197 
4511	198 
4512	105 
4513	201 
4514	142 
4515	93 
4516	182 
4517	117 
4518	88 
4519	215 
4520	152 
4521	124 
4522	55 
4523	212 
4524	56 
4525	39 
4526	144 
4527	85 
4528	144 
4529	29 
4530	39 
4531	98 
4532	140 
4533	212 
4534	194 
4535	172 
4536	79 
4537	91 
4538	118 
4539	158 
4540	85 
4541	82 
4542	194 
4543	98 
4544	88 
4545	142 
4546	6 
4547	201 
4548	129 
4549	119 
4550	215 
4551	202 
4552	117 
4553	105 
4554	119 
4555	194 
4556	212 
4557	82 
4558	212 
4559	98 
4560	105 
4561	136 
4562	212 
4563	93 
4564	173 
4565	49 
4566	173 
4567	71 
4568	93 
4569	136 
4570	187 
4571	85 
4572	114 
4573	114 
4574	60 
4575	88 
4576	210 
4577	212 
4578	76 
4579	124 
4580	29 
4581	90 
4582	90 
4583	140 
4584	197 
4585	118 
4586	144 
4587	195 
4588	172 
4589	172 
4590	140 
4591	79 
4592	155 
4593	187 
4594	79 
4595	102 
4596	20 
4597	173 
4598	124 
4599	140 
4600	47 
4601	102 
4602	20 
4603	142 
4604	150 
4605	56 
4606	173 
4607	126 
4608	57 
4609	212 
4610	47 
4611	39 
4612	98 
4613	215 
4614	155 
4615	80 
4616	85 
4617	118 
4618	143 
4619	6 
4620	105 
4621	195 
4622	29 
4623	71 
4624	110 
4625	207 
4626	158 
4627	29 
4628	90 
4629	150 
4630	195 
4631	91 
4632	114 
4633	172 
4634	117 
4635	56 
4636	82 
4637	136 
4638	63 
4639	142 
4640	142 
4641	88 
4642	91 
4643	144 
4644	131 
4645	142 
4646	201 
4647	127 
4648	210 
4649	198 
4650	114 
4651	216 
4652	70 
4653	82 
4654	117 
4655	124 
4656	71 
4657	172 
4658	215 
4659	140 
4660	126 
4661	173 
4662	126 
4663	119 
4664	56 
4665	91 
4666	29 
4667	117 
4668	143 
4669	216 
4670	85 
4671	201 
4672	79 
4673	76 
4674	212 
4675	47 
4676	126 
4677	216 
4678	29 
4679	57 
4680	207 
4681	131 
4682	117 
4683	39 
4684	6 
4685	173 
4686	39 
4687	127 
4688	39 
4689	124 
4690	127 
4691	76 
4692	126 
4693	118 
4694	20 
4695	131 
4696	29 
4697	39 
4698	76 
4699	150 
4700	20 
4701	212 
4702	70 
4703	173 
4704	155 
4705	71 
4706	88 
4707	88 
4708	57 
4709	131 
4710	195 
4711	105 
4712	198 
4713	39 
4714	91 
4715	150 
4716	63 
4717	79 
4718	71 
4719	201 
4720	140 
4721	136 
4722	124 
4723	126 
4724	140 
4725	155 
4726	91 
4727	201 
4728	98 
4729	216 
4730	198 
4731	215 
4732	82 
4733	29 
4734	76 
4735	82 
4736	216 
4737	195 
4738	166 
4739	158 
4740	29 
4741	39 
4742	198 
4743	117 
4744	173 
4745	71 
4746	216 
4747	98 
4748	202 
4749	158 
4750	173 
4751	195 
4752	6 
4753	6 
4754	126 
4755	207 
4756	194 
4757	82 
4758	47 
4759	127 
4760	202 
4761	102 
4762	216 
4763	126 
4764	187 
4765	102 
4766	20 
4767	102 
4768	79 
4769	85 
4770	194 
4771	216 
4772	82 
4773	70 
4774	158 
4775	20 
4776	143 
4777	82 
4778	150 
4779	173 
4780	118 
4781	98 
4782	215 
4783	60 
4784	20 
4785	207 
4786	194 
4787	102 
4788	71 
4789	118 
4790	173 
4791	131 
4792	150 
4793	155 
4794	20 
4795	71 
4796	57 
4797	194 
4798	60 
4799	150 
4800	98 
4801	187 
4802	102 
4803	6 
4804	127 
4805	76 
4806	187 
4807	76 
4808	216 
4809	70 
4810	150 
4811	194 
4812	215 
4813	215 
4814	85 
4815	215 
4816	60 
4817	29 
4818	71 
4819	131 
4820	215 
4821	194 
4822	76 
4823	82 
4824	194 
4825	216 
4826	79 
4827	102 
4828	158 
4829	110 
4830	124 
4831	47 
4832	98 
4833	215 
4834	216 
4835	6 
4836	166 
4837	198 
4838	187 
4839	70 
4840	210 
4841	194 
4842	216 
4843	155 
4844	82 
4845	60 
4846	76 
4847	82 
4848	20 
4849	158 
4850	150 
4851	187 
4852	173 
4853	158 
4854	131 
4855	194 
4856	110 
4857	47 
4858	98 
4859	98 
4860	198 
4861	155 
4862	166 
4863	79 
4864	124 
4865	29 
4866	173 
4867	79 
4868	29 
4869	216 
4870	118 
4871	212 
4872	216 
4873	60 
4874	155 
4875	110 
4876	70 
4877	210 
4878	20 
4879	60 
4880	110 
4881	173 
4882	70 
4883	166 
4884	155 
4885	216 
4886	79 
4887	20 
4888	47 
4889	70 
4890	118 
4891	207 
4892	194 
4893	216 
4894	110 
4895	29 
4896	166 
4897	118 
4898	110 
4899	155 
4900	98 
4901	212 
4902	47 
4903	216 
4904	76 
4905	110 
4906	70 
4907	70 
4908	194 
4909	212 
4910	198 
4911	20 
4912	173 
4913	70 
4914	76 
4915	207 
4916	76 
4917	118 
4918	98 
4919	47 
4920	29 
4921	198 
4922	207 
4923	198 
4924	166 
4925	207 
4926	98 
4927	98 
4928	207 
4929	173 
4930	70 
4931	173 
4932	20 
4933	198 
4934	212 
4935	76 
4936	20 
4937	98 
4938	207 
4939	47 
4940	29 
4941	29 
4942	194 
4943	207 
4944	98 
4945	47 
4946	166 
4947	166 
4948	29 
4949	212 
4950	194 
4951	29 
4952	207 
4953	166 
4954	118 
4955	198 
4956	166 
4957	118 
4958	47 
4959	212 
4960	212 
4961	198 
4962	118 
4963	47 
4964	118 
4965	216 
4966	47 
4967	207 
4968	118 
4969	198 
4970	166 
4971	47 
4972	166 
4973	207 
4974	166 
4975	47 
4976	216 
4977	207 
4978	207 
4979	212 
4980	118 
4981	198 
4982	47 
4983	118 
4984	118 
4985	166 
4986	198 
4987	216 
4988	198 
4989	212 
4990	198 
4991	207 
4992	198 
4993	198 
4994	29 
4995	198 
4996	47 
4997	29 
4998	198 
4999	29 
5000	198 
