1	1 
2	352 
3	307 
4	277 
5	464 
6	206 
7	215 
8	338 
9	281 
10	347 
11	216 
12	48 
13	285 
14	44 
15	370 
16	296 
17	195 
18	47 
19	184 
20	243 
21	77 
22	446 
23	316 
24	69 
25	86 
26	133 
27	78 
28	317 
29	391 
30	104 
31	126 
32	356 
33	405 
34	5 
35	419 
36	18 
37	21 
38	285 
39	31 
40	346 
41	122 
42	300 
43	430 
44	83 
45	462 
46	208 
47	484 
48	404 
49	290 
50	370 
51	52 
52	193 
53	239 
54	172 
55	270 
56	164 
57	420 
58	371 
59	217 
60	195 
61	367 
62	156 
63	312 
64	63 
65	6 
66	4 
67	121 
68	364 
69	160 
70	413 
71	197 
72	432 
73	444 
74	351 
75	346 
76	289 
77	112 
78	121 
79	372 
80	358 
81	59 
82	112 
83	225 
84	68 
85	87 
86	461 
87	459 
88	306 
89	164 
90	183 
91	432 
92	205 
93	376 
94	450 
95	162 
96	432 
97	59 
98	256 
99	485 
100	222 
101	49 
102	377 
103	228 
104	266 
105	22 
106	142 
107	46 
108	24 
109	483 
110	44 
111	188 
112	126 
113	228 
114	30 
115	233 
116	212 
117	117 
118	55 
119	165 
120	125 
121	454 
122	164 
123	7 
124	258 
125	182 
126	468 
127	103 
128	101 
129	132 
130	114 
131	92 
132	170 
133	264 
134	442 
135	157 
136	357 
137	128 
138	354 
139	214 
140	358 
141	193 
142	404 
143	5 
144	367 
145	224 
146	47 
147	483 
148	125 
149	26 
150	193 
151	345 
152	153 
153	124 
154	205 
155	400 
156	317 
157	308 
158	351 
159	346 
160	177 
161	256 
162	100 
163	319 
164	154 
165	333 
166	242 
167	486 
168	191 
169	98 
170	139 
171	20 
172	215 
173	458 
174	306 
175	23 
176	484 
177	51 
178	99 
179	278 
180	164 
181	270 
182	150 
183	17 
184	140 
185	72 
186	258 
187	268 
188	277 
189	18 
190	202 
191	350 
192	403 
193	121 
194	171 
195	350 
196	234 
197	187 
198	315 
199	125 
200	421 
201	16 
202	284 
203	206 
204	486 
205	226 
206	127 
207	250 
208	287 
209	47 
210	308 
211	212 
212	143 
213	387 
214	27 
215	71 
216	145 
217	93 
218	272 
219	170 
220	435 
221	356 
222	216 
223	399 
224	149 
225	49 
226	448 
227	122 
228	34 
229	393 
230	239 
231	80 
232	108 
233	31 
234	105 
235	19 
236	446 
237	36 
238	412 
239	21 
240	320 
241	84 
242	45 
243	430 
244	403 
245	417 
246	328 
247	461 
248	381 
249	41 
250	85 
251	95 
252	381 
253	32 
254	166 
255	438 
256	211 
257	433 
258	453 
259	202 
260	411 
261	69 
262	25 
263	80 
264	233 
265	418 
266	343 
267	357 
268	116 
269	484 
270	50 
271	263 
272	208 
273	103 
274	367 
275	133 
276	37 
277	184 
278	484 
279	242 
280	258 
281	367 
282	69 
283	166 
284	84 
285	301 
286	106 
287	247 
288	125 
289	357 
290	405 
291	273 
292	472 
293	466 
294	290 
295	292 
296	354 
297	471 
298	335 
299	340 
300	413 
301	302 
302	248 
303	167 
304	207 
305	454 
306	257 
307	473 
308	37 
309	191 
310	199 
311	348 
312	318 
313	441 
314	244 
315	97 
316	100 
317	227 
318	169 
319	251 
320	465 
321	129 
322	72 
323	278 
324	395 
325	198 
326	153 
327	394 
328	76 
329	54 
330	35 
331	228 
332	54 
333	252 
334	293 
335	155 
336	263 
337	128 
338	360 
339	270 
340	177 
341	182 
342	363 
343	342 
344	215 
345	219 
346	110 
347	355 
348	350 
349	104 
350	112 
351	374 
352	266 
353	112 
354	429 
355	52 
356	469 
357	419 
358	10 
359	133 
360	250 
361	144 
362	330 
363	12 
364	294 
365	172 
366	387 
367	32 
368	68 
369	342 
370	403 
371	460 
372	144 
373	104 
374	135 
375	447 
376	389 
377	320 
378	372 
379	277 
380	152 
381	221 
382	116 
383	396 
384	54 
385	157 
386	235 
387	263 
388	89 
389	101 
390	397 
391	112 
392	324 
393	228 
394	184 
395	16 
396	159 
397	399 
398	418 
399	276 
400	146 
401	471 
402	307 
403	208 
404	14 
405	90 
406	166 
407	108 
408	321 
409	315 
410	296 
411	279 
412	210 
413	18 
414	446 
415	473 
416	80 
417	87 
418	203 
419	404 
420	346 
421	444 
422	328 
423	210 
424	422 
425	432 
426	45 
427	146 
428	300 
429	210 
430	212 
431	464 
432	435 
433	134 
434	64 
435	395 
436	468 
437	356 
438	14 
439	1 
440	260 
441	131 
442	197 
443	317 
444	247 
445	388 
446	181 
447	69 
448	205 
449	421 
450	385 
451	137 
452	92 
453	284 
454	51 
455	343 
456	279 
457	319 
458	456 
459	470 
460	35 
461	348 
462	66 
463	222 
464	279 
465	72 
466	476 
467	46 
468	110 
469	215 
470	259 
471	241 
472	409 
473	317 
474	444 
475	154 
476	288 
477	121 
478	418 
479	140 
480	266 
481	201 
482	299 
483	87 
484	393 
485	170 
486	116 
487	16 
488	296 
489	394 
490	237 
491	272 
492	274 
493	464 
494	383 
495	250 
496	403 
497	467 
498	461 
499	147 
500	340 
501	469 
502	146 
503	211 
504	57 
505	400 
506	197 
507	200 
508	439 
509	374 
510	76 
511	292 
512	95 
513	73 
514	81 
515	234 
516	279 
517	430 
518	470 
519	435 
520	295 
521	402 
522	355 
523	460 
524	294 
525	93 
526	141 
527	470 
528	186 
529	220 
530	415 
531	441 
532	202 
533	305 
534	129 
535	12 
536	70 
537	44 
538	341 
539	111 
540	13 
541	83 
542	421 
543	60 
544	147 
545	221 
546	448 
547	164 
548	442 
549	165 
550	103 
551	115 
552	368 
553	193 
554	175 
555	32 
556	334 
557	308 
558	109 
559	478 
560	244 
561	227 
562	378 
563	1 
564	460 
565	142 
566	310 
567	375 
568	41 
569	365 
570	59 
571	1 
572	18 
573	408 
574	479 
575	443 
576	452 
577	163 
578	458 
579	10 
580	450 
581	328 
582	315 
583	254 
584	96 
585	17 
586	146 
587	179 
588	307 
589	208 
590	257 
591	132 
592	419 
593	358 
594	302 
595	138 
596	278 
597	357 
598	446 
599	285 
600	379 
601	310 
602	173 
603	419 
604	123 
605	79 
606	50 
607	81 
608	64 
609	378 
610	4 
611	334 
612	112 
613	4 
614	228 
615	129 
616	186 
617	196 
618	172 
619	431 
620	89 
621	144 
622	276 
623	356 
624	318 
625	389 
626	449 
627	51 
628	376 
629	486 
630	373 
631	350 
632	354 
633	107 
634	286 
635	321 
636	282 
637	444 
638	288 
639	339 
640	298 
641	357 
642	438 
643	60 
644	226 
645	299 
646	391 
647	211 
648	462 
649	369 
650	111 
651	30 
652	126 
653	22 
654	156 
655	153 
656	36 
657	356 
658	54 
659	261 
660	177 
661	114 
662	305 
663	368 
664	220 
665	129 
666	203 
667	197 
668	54 
669	201 
670	102 
671	167 
672	13 
673	231 
674	186 
675	88 
676	211 
677	352 
678	149 
679	215 
680	76 
681	77 
682	56 
683	288 
684	212 
685	139 
686	209 
687	279 
688	271 
689	243 
690	191 
691	66 
692	83 
693	477 
694	275 
695	486 
696	203 
697	37 
698	482 
699	38 
700	457 
701	337 
702	161 
703	421 
704	403 
705	177 
706	62 
707	287 
708	181 
709	382 
710	48 
711	358 
712	255 
713	376 
714	359 
715	70 
716	104 
717	211 
718	182 
719	108 
720	94 
721	124 
722	61 
723	249 
724	458 
725	312 
726	286 
727	95 
728	270 
729	214 
730	113 
731	318 
732	149 
733	106 
734	482 
735	153 
736	423 
737	30 
738	324 
739	152 
740	161 
741	422 
742	14 
743	223 
744	286 
745	395 
746	341 
747	132 
748	410 
749	75 
750	237 
751	341 
752	17 
753	277 
754	472 
755	30 
756	363 
757	149 
758	87 
759	117 
760	297 
761	32 
762	41 
763	445 
764	148 
765	346 
766	153 
767	91 
768	261 
769	67 
770	27 
771	10 
772	257 
773	133 
774	79 
775	198 
776	300 
777	234 
778	3 
779	366 
780	147 
781	103 
782	111 
783	95 
784	460 
785	350 
786	111 
787	57 
788	478 
789	314 
790	352 
791	311 
792	209 
793	343 
794	7 
795	224 
796	470 
797	469 
798	178 
799	64 
800	97 
801	25 
802	239 
803	202 
804	212 
805	82 
806	473 
807	317 
808	442 
809	452 
810	30 
811	410 
812	183 
813	6 
814	163 
815	194 
816	226 
817	172 
818	147 
819	60 
820	347 
821	369 
822	17 
823	60 
824	113 
825	206 
826	449 
827	43 
828	486 
829	461 
830	88 
831	420 
832	234 
833	233 
834	94 
835	459 
836	478 
837	302 
838	149 
839	482 
840	36 
841	309 
842	6 
843	359 
844	266 
845	70 
846	236 
847	369 
848	389 
849	352 
850	409 
851	273 
852	258 
853	376 
854	220 
855	179 
856	464 
857	339 
858	93 
859	240 
860	388 
861	21 
862	161 
863	341 
864	338 
865	402 
866	311 
867	281 
868	161 
869	50 
870	83 
871	207 
872	195 
873	242 
874	289 
875	118 
876	221 
877	279 
878	139 
879	317 
880	408 
881	88 
882	211 
883	163 
884	7 
885	10 
886	45 
887	113 
888	411 
889	151 
890	463 
891	93 
892	257 
893	133 
894	464 
895	86 
896	339 
897	228 
898	144 
899	421 
900	92 
901	127 
902	146 
903	462 
904	171 
905	57 
906	354 
907	441 
908	463 
909	424 
910	80 
911	150 
912	146 
913	177 
914	10 
915	446 
916	327 
917	90 
918	11 
919	219 
920	254 
921	153 
922	291 
923	69 
924	258 
925	331 
926	322 
927	331 
928	272 
929	34 
930	222 
931	386 
932	383 
933	359 
934	278 
935	443 
936	369 
937	394 
938	433 
939	203 
940	204 
941	106 
942	143 
943	93 
944	48 
945	378 
946	96 
947	55 
948	181 
949	208 
950	478 
951	207 
952	417 
953	387 
954	179 
955	269 
956	44 
957	149 
958	251 
959	258 
960	366 
961	343 
962	97 
963	462 
964	366 
965	68 
966	335 
967	404 
968	94 
969	325 
970	94 
971	378 
972	447 
973	86 
974	297 
975	41 
976	482 
977	338 
978	83 
979	355 
980	473 
981	105 
982	378 
983	121 
984	431 
985	125 
986	329 
987	27 
988	414 
989	474 
990	234 
991	206 
992	151 
993	470 
994	165 
995	89 
996	366 
997	296 
998	213 
999	402 
1000	250 
1001	201 
1002	483 
1003	334 
1004	377 
1005	171 
1006	109 
1007	326 
1008	444 
1009	289 
1010	184 
1011	299 
1012	171 
1013	96 
1014	240 
1015	183 
1016	199 
1017	218 
1018	5 
1019	72 
1020	440 
1021	87 
1022	343 
1023	337 
1024	224 
1025	205 
1026	138 
1027	97 
1028	442 
1029	305 
1030	250 
1031	316 
1032	122 
1033	37 
1034	362 
1035	12 
1036	428 
1037	274 
1038	411 
1039	367 
1040	320 
1041	344 
1042	404 
1043	433 
1044	81 
1045	347 
1046	151 
1047	182 
1048	96 
1049	434 
1050	313 
1051	356 
1052	363 
1053	477 
1054	167 
1055	30 
1056	316 
1057	206 
1058	466 
1059	229 
1060	134 
1061	452 
1062	348 
1063	332 
1064	234 
1065	367 
1066	274 
1067	81 
1068	16 
1069	41 
1070	176 
1071	61 
1072	486 
1073	366 
1074	256 
1075	281 
1076	328 
1077	134 
1078	282 
1079	12 
1080	238 
1081	378 
1082	409 
1083	484 
1084	101 
1085	463 
1086	333 
1087	54 
1088	95 
1089	61 
1090	69 
1091	434 
1092	168 
1093	429 
1094	207 
1095	328 
1096	315 
1097	117 
1098	142 
1099	59 
1100	481 
1101	61 
1102	6 
1103	37 
1104	471 
1105	270 
1106	364 
1107	379 
1108	126 
1109	480 
1110	94 
1111	184 
1112	18 
1113	373 
1114	254 
1115	461 
1116	39 
1117	305 
1118	346 
1119	210 
1120	19 
1121	281 
1122	144 
1123	75 
1124	91 
1125	250 
1126	162 
1127	179 
1128	354 
1129	341 
1130	290 
1131	173 
1132	133 
1133	346 
1134	410 
1135	57 
1136	255 
1137	249 
1138	304 
1139	101 
1140	102 
1141	60 
1142	406 
1143	69 
1144	170 
1145	335 
1146	336 
1147	354 
1148	482 
1149	124 
1150	87 
1151	315 
1152	79 
1153	29 
1154	343 
1155	119 
1156	257 
1157	450 
1158	384 
1159	209 
1160	18 
1161	462 
1162	122 
1163	407 
1164	167 
1165	314 
1166	394 
1167	385 
1168	311 
1169	52 
1170	366 
1171	334 
1172	458 
1173	132 
1174	60 
1175	364 
1176	240 
1177	259 
1178	126 
1179	88 
1180	438 
1181	326 
1182	97 
1183	283 
1184	45 
1185	196 
1186	356 
1187	449 
1188	115 
1189	146 
1190	412 
1191	140 
1192	49 
1193	446 
1194	222 
1195	18 
1196	39 
1197	170 
1198	20 
1199	137 
1200	446 
1201	291 
1202	293 
1203	364 
1204	165 
1205	391 
1206	364 
1207	99 
1208	32 
1209	131 
1210	193 
1211	432 
1212	312 
1213	261 
1214	304 
1215	229 
1216	185 
1217	403 
1218	421 
1219	410 
1220	211 
1221	343 
1222	193 
1223	13 
1224	441 
1225	166 
1226	201 
1227	472 
1228	203 
1229	110 
1230	225 
1231	299 
1232	324 
1233	176 
1234	208 
1235	85 
1236	402 
1237	272 
1238	373 
1239	283 
1240	93 
1241	171 
1242	15 
1243	336 
1244	383 
1245	404 
1246	421 
1247	230 
1248	372 
1249	449 
1250	321 
1251	452 
1252	243 
1253	252 
1254	180 
1255	296 
1256	4 
1257	409 
1258	199 
1259	408 
1260	81 
1261	360 
1262	404 
1263	450 
1264	105 
1265	296 
1266	325 
1267	231 
1268	474 
1269	270 
1270	441 
1271	360 
1272	137 
1273	118 
1274	257 
1275	338 
1276	124 
1277	24 
1278	134 
1279	291 
1280	457 
1281	226 
1282	272 
1283	304 
1284	290 
1285	482 
1286	469 
1287	186 
1288	209 
1289	221 
1290	293 
1291	170 
1292	62 
1293	201 
1294	311 
1295	335 
1296	79 
1297	45 
1298	210 
1299	158 
1300	179 
1301	365 
1302	454 
1303	14 
1304	294 
1305	278 
1306	367 
1307	158 
1308	81 
1309	32 
1310	351 
1311	317 
1312	225 
1313	472 
1314	14 
1315	409 
1316	300 
1317	114 
1318	461 
1319	180 
1320	167 
1321	205 
1322	174 
1323	307 
1324	341 
1325	235 
1326	376 
1327	123 
1328	336 
1329	165 
1330	88 
1331	356 
1332	275 
1333	40 
1334	1 
1335	41 
1336	471 
1337	478 
1338	247 
1339	25 
1340	80 
1341	113 
1342	356 
1343	409 
1344	171 
1345	74 
1346	319 
1347	416 
1348	260 
1349	250 
1350	254 
1351	305 
1352	140 
1353	422 
1354	55 
1355	164 
1356	352 
1357	143 
1358	299 
1359	96 
1360	218 
1361	105 
1362	350 
1363	220 
1364	192 
1365	451 
1366	11 
1367	65 
1368	230 
1369	324 
1370	170 
1371	418 
1372	423 
1373	201 
1374	41 
1375	212 
1376	155 
1377	43 
1378	231 
1379	440 
1380	430 
1381	118 
1382	208 
1383	415 
1384	419 
1385	403 
1386	240 
1387	469 
1388	105 
1389	46 
1390	159 
1391	215 
1392	467 
1393	414 
1394	312 
1395	351 
1396	212 
1397	77 
1398	87 
1399	77 
1400	184 
1401	17 
1402	268 
1403	150 
1404	362 
1405	79 
1406	375 
1407	187 
1408	385 
1409	242 
1410	468 
1411	397 
1412	85 
1413	441 
1414	273 
1415	21 
1416	159 
1417	277 
1418	67 
1419	440 
1420	161 
1421	287 
1422	308 
1423	237 
1424	207 
1425	400 
1426	121 
1427	179 
1428	285 
1429	304 
1430	415 
1431	315 
1432	81 
1433	138 
1434	37 
1435	413 
1436	61 
1437	214 
1438	185 
1439	373 
1440	314 
1441	330 
1442	477 
1443	54 
1444	378 
1445	286 
1446	171 
1447	221 
1448	30 
1449	147 
1450	282 
1451	27 
1452	265 
1453	187 
1454	417 
1455	302 
1456	328 
1457	424 
1458	155 
1459	189 
1460	305 
1461	321 
1462	322 
1463	75 
1464	434 
1465	309 
1466	436 
1467	306 
1468	233 
1469	311 
1470	131 
1471	14 
1472	409 
1473	277 
1474	8 
1475	457 
1476	456 
1477	24 
1478	319 
1479	114 
1480	263 
1481	102 
1482	215 
1483	284 
1484	144 
1485	31 
1486	376 
1487	148 
1488	470 
1489	102 
1490	259 
1491	474 
1492	200 
1493	358 
1494	122 
1495	127 
1496	156 
1497	350 
1498	112 
1499	45 
1500	455 
1501	140 
1502	440 
1503	234 
1504	448 
1505	133 
1506	464 
1507	183 
1508	447 
1509	238 
1510	27 
1511	463 
1512	224 
1513	326 
1514	143 
1515	59 
1516	293 
1517	300 
1518	373 
1519	19 
1520	182 
1521	283 
1522	23 
1523	322 
1524	415 
1525	334 
1526	485 
1527	381 
1528	431 
1529	68 
1530	471 
1531	298 
1532	189 
1533	106 
1534	176 
1535	164 
1536	198 
1537	166 
1538	325 
1539	485 
1540	348 
1541	58 
1542	340 
1543	278 
1544	50 
1545	269 
1546	65 
1547	221 
1548	80 
1549	22 
1550	116 
1551	149 
1552	63 
1553	307 
1554	457 
1555	34 
1556	423 
1557	420 
1558	354 
1559	306 
1560	194 
1561	289 
1562	34 
1563	204 
1564	454 
1565	391 
1566	49 
1567	63 
1568	264 
1569	36 
1570	153 
1571	327 
1572	388 
1573	386 
1574	37 
1575	64 
1576	223 
1577	248 
1578	101 
1579	55 
1580	479 
1581	204 
1582	164 
1583	212 
1584	454 
1585	278 
1586	327 
1587	483 
1588	169 
1589	88 
1590	79 
1591	448 
1592	113 
1593	165 
1594	153 
1595	296 
1596	136 
1597	235 
1598	150 
1599	13 
1600	336 
1601	293 
1602	206 
1603	425 
1604	431 
1605	380 
1606	268 
1607	345 
1608	23 
1609	142 
1610	397 
1611	186 
1612	392 
1613	44 
1614	101 
1615	259 
1616	109 
1617	203 
1618	337 
1619	4 
1620	375 
1621	9 
1622	328 
1623	428 
1624	282 
1625	109 
1626	196 
1627	83 
1628	149 
1629	85 
1630	242 
1631	308 
1632	426 
1633	246 
1634	439 
1635	377 
1636	95 
1637	441 
1638	72 
1639	191 
1640	325 
1641	342 
1642	49 
1643	100 
1644	156 
1645	56 
1646	381 
1647	298 
1648	376 
1649	237 
1650	289 
1651	43 
1652	463 
1653	175 
1654	54 
1655	89 
1656	52 
1657	91 
1658	235 
1659	53 
1660	141 
1661	11 
1662	333 
1663	150 
1664	225 
1665	348 
1666	303 
1667	440 
1668	310 
1669	155 
1670	15 
1671	75 
1672	295 
1673	484 
1674	29 
1675	471 
1676	313 
1677	255 
1678	16 
1679	47 
1680	128 
1681	486 
1682	185 
1683	284 
1684	82 
1685	282 
1686	82 
1687	17 
1688	118 
1689	1 
1690	142 
1691	85 
1692	16 
1693	362 
1694	103 
1695	95 
1696	200 
1697	166 
1698	95 
1699	40 
1700	30 
1701	429 
1702	264 
1703	460 
1704	180 
1705	5 
1706	156 
1707	408 
1708	11 
1709	104 
1710	286 
1711	371 
1712	15 
1713	77 
1714	58 
1715	204 
1716	276 
1717	394 
1718	117 
1719	66 
1720	444 
1721	179 
1722	60 
1723	34 
1724	82 
1725	360 
1726	309 
1727	238 
1728	416 
1729	231 
1730	68 
1731	114 
1732	263 
1733	453 
1734	12 
1735	448 
1736	22 
1737	127 
1738	151 
1739	478 
1740	316 
1741	227 
1742	345 
1743	405 
1744	64 
1745	376 
1746	323 
1747	168 
1748	145 
1749	168 
1750	195 
1751	176 
1752	444 
1753	29 
1754	415 
1755	172 
1756	364 
1757	82 
1758	159 
1759	92 
1760	287 
1761	435 
1762	227 
1763	109 
1764	17 
1765	229 
1766	201 
1767	37 
1768	309 
1769	84 
1770	298 
1771	169 
1772	68 
1773	248 
1774	85 
1775	38 
1776	302 
1777	480 
1778	130 
1779	237 
1780	197 
1781	377 
1782	158 
1783	302 
1784	71 
1785	450 
1786	127 
1787	47 
1788	301 
1789	79 
1790	358 
1791	230 
1792	273 
1793	461 
1794	91 
1795	368 
1796	48 
1797	279 
1798	483 
1799	206 
1800	151 
1801	5 
1802	138 
1803	457 
1804	475 
1805	1 
1806	375 
1807	160 
1808	151 
1809	163 
1810	150 
1811	466 
1812	232 
1813	440 
1814	84 
1815	2 
1816	247 
1817	399 
1818	248 
1819	417 
1820	74 
1821	313 
1822	387 
1823	207 
1824	225 
1825	265 
1826	315 
1827	83 
1828	195 
1829	429 
1830	235 
1831	388 
1832	280 
1833	249 
1834	28 
1835	439 
1836	109 
1837	130 
1838	330 
1839	262 
1840	235 
1841	85 
1842	94 
1843	126 
1844	141 
1845	377 
1846	163 
1847	15 
1848	198 
1849	374 
1850	376 
1851	332 
1852	351 
1853	15 
1854	3 
1855	189 
1856	84 
1857	419 
1858	157 
1859	189 
1860	344 
1861	219 
1862	388 
1863	336 
1864	443 
1865	299 
1866	358 
1867	428 
1868	478 
1869	228 
1870	452 
1871	290 
1872	327 
1873	285 
1874	479 
1875	417 
1876	371 
1877	147 
1878	8 
1879	273 
1880	309 
1881	36 
1882	43 
1883	82 
1884	157 
1885	288 
1886	136 
1887	150 
1888	51 
1889	150 
1890	439 
1891	217 
1892	390 
1893	400 
1894	85 
1895	272 
1896	1 
1897	167 
1898	270 
1899	362 
1900	168 
1901	411 
1902	340 
1903	101 
1904	9 
1905	124 
1906	54 
1907	164 
1908	363 
1909	141 
1910	225 
1911	368 
1912	44 
1913	108 
1914	239 
1915	452 
1916	114 
1917	78 
1918	448 
1919	66 
1920	411 
1921	202 
1922	453 
1923	400 
1924	84 
1925	430 
1926	56 
1927	202 
1928	243 
1929	374 
1930	388 
1931	451 
1932	182 
1933	468 
1934	218 
1935	393 
1936	398 
1937	31 
1938	271 
1939	340 
1940	311 
1941	271 
1942	28 
1943	284 
1944	174 
1945	84 
1946	303 
1947	450 
1948	349 
1949	48 
1950	445 
1951	457 
1952	315 
1953	103 
1954	47 
1955	104 
1956	253 
1957	125 
1958	98 
1959	141 
1960	148 
1961	380 
1962	264 
1963	187 
1964	426 
1965	104 
1966	251 
1967	241 
1968	74 
1969	53 
1970	418 
1971	248 
1972	29 
1973	204 
1974	433 
1975	46 
1976	233 
1977	196 
1978	414 
1979	128 
1980	131 
1981	233 
1982	315 
1983	318 
1984	233 
1985	116 
1986	351 
1987	202 
1988	355 
1989	252 
1990	349 
1991	432 
1992	12 
1993	351 
1994	157 
1995	286 
1996	274 
1997	101 
1998	223 
1999	339 
2000	188 
2001	56 
2002	359 
2003	253 
2004	389 
2005	236 
2006	476 
2007	427 
2008	301 
2009	9 
2010	42 
2011	188 
2012	449 
2013	230 
2014	12 
2015	127 
2016	455 
2017	427 
2018	28 
2019	397 
2020	393 
2021	483 
2022	184 
2023	221 
2024	331 
2025	275 
2026	247 
2027	200 
2028	430 
2029	460 
2030	217 
2031	372 
2032	483 
2033	31 
2034	275 
2035	56 
2036	445 
2037	330 
2038	99 
2039	26 
2040	40 
2041	229 
2042	240 
2043	429 
2044	80 
2045	197 
2046	163 
2047	329 
2048	42 
2049	235 
2050	4 
2051	398 
2052	42 
2053	354 
2054	381 
2055	104 
2056	255 
2057	415 
2058	285 
2059	238 
2060	443 
2061	258 
2062	268 
2063	242 
2064	214 
2065	374 
2066	400 
2067	252 
2068	431 
2069	245 
2070	148 
2071	249 
2072	186 
2073	301 
2074	143 
2075	18 
2076	340 
2077	173 
2078	49 
2079	243 
2080	61 
2081	183 
2082	486 
2083	13 
2084	19 
2085	24 
2086	12 
2087	327 
2088	264 
2089	463 
2090	218 
2091	13 
2092	22 
2093	76 
2094	437 
2095	335 
2096	145 
2097	300 
2098	349 
2099	238 
2100	154 
2101	153 
2102	163 
2103	320 
2104	207 
2105	323 
2106	399 
2107	178 
2108	340 
2109	162 
2110	190 
2111	83 
2112	477 
2113	173 
2114	31 
2115	97 
2116	117 
2117	392 
2118	165 
2119	150 
2120	5 
2121	14 
2122	391 
2123	115 
2124	341 
2125	216 
2126	296 
2127	464 
2128	115 
2129	353 
2130	373 
2131	334 
2132	236 
2133	260 
2134	32 
2135	369 
2136	163 
2137	351 
2138	144 
2139	42 
2140	342 
2141	182 
2142	15 
2143	345 
2144	7 
2145	128 
2146	92 
2147	57 
2148	336 
2149	19 
2150	470 
2151	276 
2152	445 
2153	25 
2154	159 
2155	444 
2156	202 
2157	100 
2158	283 
2159	116 
2160	414 
2161	483 
2162	185 
2163	239 
2164	396 
2165	256 
2166	248 
2167	246 
2168	19 
2169	321 
2170	50 
2171	248 
2172	273 
2173	282 
2174	452 
2175	161 
2176	76 
2177	373 
2178	273 
2179	226 
2180	393 
2181	475 
2182	426 
2183	394 
2184	12 
2185	472 
2186	296 
2187	283 
2188	429 
2189	235 
2190	300 
2191	39 
2192	479 
2193	196 
2194	460 
2195	390 
2196	305 
2197	261 
2198	47 
2199	24 
2200	25 
2201	414 
2202	128 
2203	134 
2204	419 
2205	109 
2206	481 
2207	406 
2208	12 
2209	360 
2210	342 
2211	322 
2212	332 
2213	144 
2214	333 
2215	78 
2216	382 
2217	197 
2218	349 
2219	152 
2220	278 
2221	269 
2222	272 
2223	192 
2224	44 
2225	228 
2226	81 
2227	8 
2228	90 
2229	107 
2230	106 
2231	227 
2232	462 
2233	275 
2234	143 
2235	381 
2236	326 
2237	436 
2238	447 
2239	76 
2240	417 
2241	293 
2242	485 
2243	85 
2244	304 
2245	344 
2246	248 
2247	441 
2248	263 
2249	89 
2250	376 
2251	320 
2252	337 
2253	320 
2254	477 
2255	179 
2256	116 
2257	60 
2258	222 
2259	334 
2260	320 
2261	479 
2262	144 
2263	368 
2264	347 
2265	254 
2266	424 
2267	366 
2268	280 
2269	422 
2270	56 
2271	439 
2272	36 
2273	370 
2274	405 
2275	281 
2276	372 
2277	84 
2278	99 
2279	181 
2280	449 
2281	103 
2282	67 
2283	292 
2284	297 
2285	296 
2286	365 
2287	223 
2288	26 
2289	37 
2290	12 
2291	188 
2292	33 
2293	119 
2294	66 
2295	145 
2296	36 
2297	418 
2298	148 
2299	427 
2300	258 
2301	167 
2302	205 
2303	153 
2304	445 
2305	237 
2306	160 
2307	276 
2308	239 
2309	121 
2310	57 
2311	54 
2312	47 
2313	134 
2314	263 
2315	409 
2316	217 
2317	352 
2318	396 
2319	174 
2320	475 
2321	444 
2322	433 
2323	340 
2324	12 
2325	482 
2326	144 
2327	27 
2328	364 
2329	387 
2330	435 
2331	161 
2332	186 
2333	164 
2334	16 
2335	290 
2336	195 
2337	363 
2338	186 
2339	362 
2340	455 
2341	361 
2342	192 
2343	248 
2344	434 
2345	85 
2346	105 
2347	381 
2348	216 
2349	130 
2350	218 
2351	136 
2352	102 
2353	30 
2354	230 
2355	402 
2356	189 
2357	427 
2358	96 
2359	347 
2360	262 
2361	276 
2362	301 
2363	231 
2364	178 
2365	323 
2366	195 
2367	138 
2368	277 
2369	399 
2370	141 
2371	130 
2372	120 
2373	24 
2374	86 
2375	434 
2376	115 
2377	174 
2378	205 
2379	327 
2380	170 
2381	442 
2382	67 
2383	481 
2384	266 
2385	51 
2386	210 
2387	176 
2388	216 
2389	195 
2390	292 
2391	16 
2392	444 
2393	282 
2394	42 
2395	459 
2396	6 
2397	232 
2398	372 
2399	245 
2400	414 
2401	101 
2402	330 
2403	25 
2404	190 
2405	450 
2406	188 
2407	120 
2408	272 
2409	193 
2410	365 
2411	28 
2412	8 
2413	212 
2414	229 
2415	481 
2416	8 
2417	462 
2418	239 
2419	286 
2420	223 
2421	353 
2422	33 
2423	67 
2424	394 
2425	396 
2426	84 
2427	81 
2428	315 
2429	256 
2430	416 
2431	477 
2432	470 
2433	97 
2434	8 
2435	7 
2436	84 
2437	136 
2438	63 
2439	443 
2440	99 
2441	68 
2442	210 
2443	111 
2444	455 
2445	212 
2446	226 
2447	115 
2448	342 
2449	64 
2450	436 
2451	418 
2452	449 
2453	399 
2454	25 
2455	441 
2456	209 
2457	437 
2458	126 
2459	354 
2460	80 
2461	259 
2462	167 
2463	422 
2464	103 
2465	361 
2466	475 
2467	66 
2468	440 
2469	484 
2470	384 
2471	62 
2472	324 
2473	82 
2474	344 
2475	137 
2476	484 
2477	310 
2478	68 
2479	22 
2480	472 
2481	160 
2482	275 
2483	164 
2484	371 
2485	329 
2486	75 
2487	441 
2488	111 
2489	219 
2490	199 
2491	58 
2492	348 
2493	63 
2494	130 
2495	159 
2496	437 
2497	429 
2498	63 
2499	93 
2500	185 
2501	86 
2502	26 
2503	312 
2504	82 
2505	431 
2506	54 
2507	202 
2508	52 
2509	205 
2510	295 
2511	176 
2512	293 
2513	106 
2514	257 
2515	193 
2516	57 
2517	429 
2518	432 
2519	311 
2520	375 
2521	475 
2522	102 
2523	77 
2524	173 
2525	273 
2526	180 
2527	243 
2528	64 
2529	326 
2530	308 
2531	160 
2532	457 
2533	18 
2534	23 
2535	360 
2536	311 
2537	248 
2538	56 
2539	399 
2540	252 
2541	477 
2542	413 
2543	301 
2544	255 
2545	179 
2546	397 
2547	439 
2548	55 
2549	56 
2550	159 
2551	354 
2552	78 
2553	439 
2554	389 
2555	53 
2556	11 
2557	15 
2558	108 
2559	429 
2560	342 
2561	136 
2562	170 
2563	385 
2564	471 
2565	76 
2566	161 
2567	178 
2568	383 
2569	131 
2570	262 
2571	373 
2572	86 
2573	440 
2574	273 
2575	105 
2576	481 
2577	431 
2578	400 
2579	341 
2580	111 
2581	486 
2582	45 
2583	412 
2584	391 
2585	206 
2586	439 
2587	385 
2588	272 
2589	361 
2590	375 
2591	131 
2592	440 
2593	139 
2594	115 
2595	388 
2596	97 
2597	418 
2598	295 
2599	360 
2600	116 
2601	306 
2602	376 
2603	86 
2604	273 
2605	142 
2606	437 
2607	273 
2608	296 
2609	344 
2610	19 
2611	111 
2612	355 
2613	331 
2614	309 
2615	407 
2616	96 
2617	116 
2618	423 
2619	319 
2620	436 
2621	53 
2622	387 
2623	252 
2624	218 
2625	64 
2626	202 
2627	27 
2628	233 
2629	454 
2630	383 
2631	313 
2632	430 
2633	472 
2634	132 
2635	327 
2636	214 
2637	319 
2638	357 
2639	228 
2640	274 
2641	49 
2642	177 
2643	228 
2644	400 
2645	147 
2646	444 
2647	415 
2648	203 
2649	273 
2650	321 
2651	213 
2652	280 
2653	138 
2654	177 
2655	447 
2656	371 
2657	402 
2658	274 
2659	155 
2660	203 
2661	357 
2662	273 
2663	293 
2664	95 
2665	238 
2666	408 
2667	425 
2668	90 
2669	433 
2670	190 
2671	185 
2672	98 
2673	384 
2674	175 
2675	397 
2676	51 
2677	409 
2678	74 
2679	458 
2680	204 
2681	50 
2682	26 
2683	454 
2684	283 
2685	37 
2686	387 
2687	90 
2688	326 
2689	255 
2690	75 
2691	241 
2692	303 
2693	239 
2694	417 
2695	238 
2696	27 
2697	258 
2698	256 
2699	409 
2700	135 
2701	28 
2702	98 
2703	19 
2704	177 
2705	398 
2706	168 
2707	379 
2708	195 
2709	303 
2710	217 
2711	9 
2712	246 
2713	26 
2714	342 
2715	440 
2716	463 
2717	100 
2718	244 
2719	150 
2720	92 
2721	10 
2722	198 
2723	288 
2724	379 
2725	22 
2726	154 
2727	15 
2728	216 
2729	140 
2730	373 
2731	181 
2732	6 
2733	139 
2734	249 
2735	4 
2736	360 
2737	393 
2738	412 
2739	361 
2740	130 
2741	61 
2742	416 
2743	34 
2744	345 
2745	172 
2746	232 
2747	197 
2748	119 
2749	390 
2750	59 
2751	21 
2752	369 
2753	398 
2754	241 
2755	435 
2756	477 
2757	63 
2758	345 
2759	90 
2760	82 
2761	44 
2762	323 
2763	245 
2764	295 
2765	401 
2766	181 
2767	475 
2768	5 
2769	266 
2770	68 
2771	483 
2772	480 
2773	278 
2774	223 
2775	235 
2776	355 
2777	475 
2778	149 
2779	1 
2780	225 
2781	205 
2782	111 
2783	214 
2784	384 
2785	372 
2786	229 
2787	216 
2788	335 
2789	204 
2790	287 
2791	371 
2792	393 
2793	433 
2794	117 
2795	80 
2796	315 
2797	131 
2798	78 
2799	178 
2800	456 
2801	200 
2802	62 
2803	152 
2804	299 
2805	175 
2806	111 
2807	432 
2808	278 
2809	232 
2810	17 
2811	188 
2812	55 
2813	107 
2814	100 
2815	109 
2816	124 
2817	295 
2818	63 
2819	117 
2820	420 
2821	153 
2822	476 
2823	459 
2824	20 
2825	414 
2826	466 
2827	284 
2828	263 
2829	65 
2830	70 
2831	307 
2832	174 
2833	244 
2834	260 
2835	401 
2836	379 
2837	267 
2838	481 
2839	94 
2840	76 
2841	374 
2842	142 
2843	103 
2844	423 
2845	247 
2846	313 
2847	177 
2848	222 
2849	30 
2850	415 
2851	412 
2852	108 
2853	27 
2854	369 
2855	262 
2856	382 
2857	433 
2858	463 
2859	196 
2860	430 
2861	207 
2862	440 
2863	102 
2864	145 
2865	383 
2866	226 
2867	92 
2868	244 
2869	349 
2870	302 
2871	390 
2872	468 
2873	140 
2874	1 
2875	340 
2876	94 
2877	361 
2878	326 
2879	362 
2880	62 
2881	217 
2882	357 
2883	353 
2884	129 
2885	213 
2886	39 
2887	374 
2888	302 
2889	73 
2890	11 
2891	116 
2892	157 
2893	331 
2894	352 
2895	129 
2896	13 
2897	199 
2898	275 
2899	218 
2900	132 
2901	98 
2902	43 
2903	122 
2904	449 
2905	256 
2906	405 
2907	156 
2908	324 
2909	96 
2910	245 
2911	349 
2912	480 
2913	282 
2914	57 
2915	369 
2916	238 
2917	16 
2918	253 
2919	117 
2920	466 
2921	285 
2922	219 
2923	97 
2924	312 
2925	58 
2926	13 
2927	241 
2928	433 
2929	324 
2930	395 
2931	478 
2932	113 
2933	364 
2934	434 
2935	207 
2936	65 
2937	237 
2938	4 
2939	433 
2940	246 
2941	334 
2942	175 
2943	483 
2944	301 
2945	466 
2946	437 
2947	266 
2948	278 
2949	321 
2950	102 
2951	56 
2952	3 
2953	278 
2954	364 
2955	3 
2956	256 
2957	335 
2958	13 
2959	38 
2960	177 
2961	145 
2962	340 
2963	389 
2964	304 
2965	263 
2966	180 
2967	252 
2968	28 
2969	384 
2970	219 
2971	289 
2972	390 
2973	57 
2974	199 
2975	7 
2976	243 
2977	136 
2978	108 
2979	480 
2980	58 
2981	245 
2982	34 
2983	271 
2984	298 
2985	280 
2986	340 
2987	383 
2988	118 
2989	417 
2990	55 
2991	101 
2992	287 
2993	44 
2994	479 
2995	297 
2996	186 
2997	347 
2998	81 
2999	96 
3000	25 
3001	303 
3002	28 
3003	197 
3004	33 
3005	302 
3006	144 
3007	78 
3008	385 
3009	91 
3010	233 
3011	120 
3012	406 
3013	271 
3014	232 
3015	478 
3016	81 
3017	469 
3018	278 
3019	355 
3020	30 
3021	43 
3022	130 
3023	401 
3024	295 
3025	125 
3026	128 
3027	361 
3028	274 
3029	142 
3030	122 
3031	188 
3032	319 
3033	354 
3034	251 
3035	444 
3036	374 
3037	365 
3038	114 
3039	355 
3040	137 
3041	484 
3042	8 
3043	160 
3044	431 
3045	294 
3046	108 
3047	376 
3048	296 
3049	172 
3050	405 
3051	379 
3052	242 
3053	6 
3054	196 
3055	33 
3056	365 
3057	55 
3058	371 
3059	264 
3060	286 
3061	344 
3062	422 
3063	130 
3064	240 
3065	297 
3066	61 
3067	128 
3068	412 
3069	181 
3070	465 
3071	363 
3072	53 
3073	85 
3074	78 
3075	170 
3076	344 
3077	39 
3078	300 
3079	9 
3080	156 
3081	125 
3082	42 
3083	23 
3084	266 
3085	156 
3086	315 
3087	392 
3088	344 
3089	420 
3090	213 
3091	465 
3092	81 
3093	52 
3094	160 
3095	40 
3096	384 
3097	397 
3098	265 
3099	152 
3100	354 
3101	230 
3102	154 
3103	379 
3104	103 
3105	20 
3106	106 
3107	456 
3108	251 
3109	440 
3110	164 
3111	21 
3112	40 
3113	30 
3114	479 
3115	110 
3116	314 
3117	323 
3118	52 
3119	400 
3120	226 
3121	376 
3122	359 
3123	70 
3124	397 
3125	285 
3126	308 
3127	197 
3128	52 
3129	227 
3130	154 
3131	134 
3132	90 
3133	101 
3134	125 
3135	173 
3136	478 
3137	137 
3138	297 
3139	141 
3140	3 
3141	371 
3142	53 
3143	105 
3144	34 
3145	310 
3146	408 
3147	441 
3148	383 
3149	183 
3150	125 
3151	39 
3152	395 
3153	370 
3154	389 
3155	441 
3156	385 
3157	155 
3158	428 
3159	405 
3160	326 
3161	22 
3162	337 
3163	385 
3164	407 
3165	185 
3166	213 
3167	35 
3168	469 
3169	416 
3170	1 
3171	325 
3172	91 
3173	412 
3174	427 
3175	64 
3176	423 
3177	120 
3178	21 
3179	444 
3180	88 
3181	180 
3182	371 
3183	294 
3184	269 
3185	455 
3186	152 
3187	165 
3188	445 
3189	24 
3190	224 
3191	91 
3192	361 
3193	332 
3194	68 
3195	190 
3196	450 
3197	379 
3198	97 
3199	166 
3200	375 
3201	175 
3202	283 
3203	384 
3204	187 
3205	267 
3206	56 
3207	416 
3208	164 
3209	80 
3210	353 
3211	72 
3212	259 
3213	217 
3214	77 
3215	384 
3216	228 
3217	122 
3218	335 
3219	303 
3220	99 
3221	148 
3222	9 
3223	306 
3224	255 
3225	325 
3226	197 
3227	253 
3228	23 
3229	474 
3230	291 
3231	314 
3232	287 
3233	27 
3234	50 
3235	222 
3236	345 
3237	289 
3238	180 
3239	394 
3240	151 
3241	107 
3242	290 
3243	395 
3244	397 
3245	323 
3246	198 
3247	9 
3248	276 
3249	475 
3250	386 
3251	57 
3252	357 
3253	320 
3254	428 
3255	316 
3256	226 
3257	409 
3258	314 
3259	381 
3260	127 
3261	322 
3262	485 
3263	254 
3264	36 
3265	153 
3266	267 
3267	323 
3268	413 
3269	313 
3270	64 
3271	217 
3272	23 
3273	439 
3274	255 
3275	331 
3276	430 
3277	159 
3278	278 
3279	354 
3280	376 
3281	38 
3282	479 
3283	374 
3284	374 
3285	55 
3286	330 
3287	445 
3288	430 
3289	451 
3290	427 
3291	260 
3292	470 
3293	132 
3294	24 
3295	298 
3296	192 
3297	314 
3298	355 
3299	407 
3300	29 
3301	24 
3302	151 
3303	173 
3304	475 
3305	433 
3306	256 
3307	1 
3308	333 
3309	59 
3310	30 
3311	182 
3312	314 
3313	441 
3314	310 
3315	324 
3316	358 
3317	230 
3318	431 
3319	98 
3320	435 
3321	437 
3322	110 
3323	264 
3324	212 
3325	353 
3326	258 
3327	467 
3328	125 
3329	304 
3330	389 
3331	81 
3332	187 
3333	389 
3334	443 
3335	65 
3336	451 
3337	98 
3338	2 
3339	51 
3340	224 
3341	100 
3342	249 
3343	249 
3344	216 
3345	481 
3346	148 
3347	95 
3348	296 
3349	85 
3350	365 
3351	347 
3352	131 
3353	212 
3354	11 
3355	302 
3356	244 
3357	399 
3358	10 
3359	373 
3360	407 
3361	66 
3362	89 
3363	377 
3364	240 
3365	434 
3366	280 
3367	288 
3368	246 
3369	21 
3370	58 
3371	326 
3372	312 
3373	244 
3374	258 
3375	119 
3376	38 
3377	273 
3378	263 
3379	109 
3380	324 
3381	129 
3382	476 
3383	17 
3384	164 
3385	217 
3386	84 
3387	271 
3388	20 
3389	111 
3390	368 
3391	1 
3392	61 
3393	321 
3394	431 
3395	73 
3396	13 
3397	178 
3398	289 
3399	156 
3400	141 
3401	183 
3402	442 
3403	102 
3404	289 
3405	271 
3406	251 
3407	63 
3408	233 
3409	285 
3410	231 
3411	259 
3412	430 
3413	465 
3414	481 
3415	70 
3416	458 
3417	7 
3418	104 
3419	148 
3420	276 
3421	158 
3422	273 
3423	413 
3424	223 
3425	364 
3426	164 
3427	393 
3428	35 
3429	101 
3430	414 
3431	37 
3432	78 
3433	303 
3434	233 
3435	135 
3436	199 
3437	388 
3438	156 
3439	190 
3440	265 
3441	12 
3442	376 
3443	18 
3444	319 
3445	468 
3446	91 
3447	271 
3448	442 
3449	305 
3450	115 
3451	163 
3452	9 
3453	252 
3454	320 
3455	124 
3456	251 
3457	47 
3458	88 
3459	85 
3460	55 
3461	182 
3462	398 
3463	365 
3464	18 
3465	220 
3466	206 
3467	138 
3468	18 
3469	40 
3470	379 
3471	398 
3472	10 
3473	290 
3474	393 
3475	409 
3476	309 
3477	26 
3478	35 
3479	479 
3480	222 
3481	168 
3482	425 
3483	71 
3484	443 
3485	353 
3486	348 
3487	468 
3488	191 
3489	227 
3490	34 
3491	47 
3492	68 
3493	155 
3494	147 
3495	58 
3496	187 
3497	478 
3498	224 
3499	187 
3500	457 
3501	426 
3502	132 
3503	29 
3504	30 
3505	278 
3506	142 
3507	71 
3508	30 
3509	402 
3510	291 
3511	394 
3512	272 
3513	356 
3514	382 
3515	368 
3516	123 
3517	99 
3518	181 
3519	255 
3520	480 
3521	264 
3522	445 
3523	339 
3524	142 
3525	332 
3526	272 
3527	454 
3528	284 
3529	159 
3530	70 
3531	178 
3532	189 
3533	273 
3534	96 
3535	307 
3536	354 
3537	453 
3538	259 
3539	243 
3540	72 
3541	303 
3542	318 
3543	274 
3544	376 
3545	418 
3546	373 
3547	143 
3548	438 
3549	318 
3550	180 
3551	176 
3552	232 
3553	422 
3554	423 
3555	55 
3556	27 
3557	375 
3558	275 
3559	33 
3560	259 
3561	447 
3562	425 
3563	380 
3564	72 
3565	51 
3566	425 
3567	52 
3568	472 
3569	425 
3570	294 
3571	145 
3572	486 
3573	85 
3574	185 
3575	241 
3576	139 
3577	460 
3578	288 
3579	151 
3580	42 
3581	387 
3582	245 
3583	40 
3584	157 
3585	467 
3586	292 
3587	466 
3588	29 
3589	410 
3590	275 
3591	214 
3592	316 
3593	173 
3594	232 
3595	138 
3596	431 
3597	271 
3598	296 
3599	254 
3600	13 
3601	313 
3602	268 
3603	431 
3604	439 
3605	135 
3606	60 
3607	242 
3608	262 
3609	48 
3610	293 
3611	327 
3612	4 
3613	19 
3614	57 
3615	469 
3616	436 
3617	422 
3618	458 
3619	7 
3620	40 
3621	74 
3622	430 
3623	92 
3624	431 
3625	139 
3626	223 
3627	466 
3628	223 
3629	205 
3630	174 
3631	144 
3632	75 
3633	287 
3634	233 
3635	65 
3636	198 
3637	97 
3638	145 
3639	1 
3640	344 
3641	383 
3642	27 
3643	192 
3644	97 
3645	387 
3646	18 
3647	486 
3648	395 
3649	288 
3650	275 
3651	22 
3652	152 
3653	471 
3654	185 
3655	296 
3656	174 
3657	154 
3658	57 
3659	243 
3660	1 
3661	267 
3662	311 
3663	70 
3664	405 
3665	264 
3666	12 
3667	334 
3668	116 
3669	422 
3670	364 
3671	414 
3672	318 
3673	258 
3674	24 
3675	398 
3676	3 
3677	85 
3678	453 
3679	142 
3680	205 
3681	420 
3682	40 
3683	423 
3684	442 
3685	321 
3686	236 
3687	372 
3688	56 
3689	109 
3690	23 
3691	485 
3692	162 
3693	335 
3694	134 
3695	20 
3696	180 
3697	484 
3698	151 
3699	308 
3700	213 
3701	127 
3702	164 
3703	309 
3704	136 
3705	84 
3706	251 
3707	448 
3708	66 
3709	8 
3710	39 
3711	144 
3712	46 
3713	424 
3714	152 
3715	116 
3716	59 
3717	432 
3718	17 
3719	480 
3720	406 
3721	96 
3722	199 
3723	216 
3724	352 
3725	188 
3726	249 
3727	448 
3728	232 
3729	204 
3730	159 
3731	29 
3732	406 
3733	481 
3734	28 
3735	405 
3736	331 
3737	36 
3738	428 
3739	315 
3740	164 
3741	103 
3742	448 
3743	380 
3744	43 
3745	436 
3746	417 
3747	135 
3748	221 
3749	20 
3750	332 
3751	272 
3752	116 
3753	280 
3754	479 
3755	233 
3756	418 
3757	65 
3758	435 
3759	166 
3760	183 
3761	33 
3762	229 
3763	325 
3764	23 
3765	85 
3766	174 
3767	425 
3768	21 
3769	466 
3770	395 
3771	142 
3772	255 
3773	213 
3774	336 
3775	8 
3776	303 
3777	86 
3778	294 
3779	144 
3780	16 
3781	361 
3782	292 
3783	186 
3784	248 
3785	260 
3786	371 
3787	345 
3788	116 
3789	130 
3790	259 
3791	286 
3792	435 
3793	309 
3794	285 
3795	394 
3796	274 
3797	118 
3798	448 
3799	190 
3800	70 
3801	479 
3802	132 
3803	137 
3804	447 
3805	261 
3806	107 
3807	86 
3808	101 
3809	38 
3810	325 
3811	173 
3812	48 
3813	111 
3814	265 
3815	152 
3816	274 
3817	310 
3818	217 
3819	9 
3820	480 
3821	260 
3822	65 
3823	205 
3824	207 
3825	377 
3826	362 
3827	205 
3828	267 
3829	269 
3830	80 
3831	362 
3832	244 
3833	245 
3834	354 
3835	11 
3836	373 
3837	402 
3838	478 
3839	301 
3840	169 
3841	411 
3842	313 
3843	368 
3844	8 
3845	284 
3846	306 
3847	62 
3848	167 
3849	148 
3850	111 
3851	80 
3852	483 
3853	271 
3854	452 
3855	159 
3856	261 
3857	196 
3858	244 
3859	44 
3860	176 
3861	354 
3862	27 
3863	339 
3864	209 
3865	467 
3866	98 
3867	188 
3868	407 
3869	251 
3870	349 
3871	225 
3872	396 
3873	173 
3874	67 
3875	137 
3876	406 
3877	228 
3878	204 
3879	385 
3880	251 
3881	409 
3882	451 
3883	149 
3884	364 
3885	141 
3886	320 
3887	312 
3888	188 
3889	117 
3890	265 
3891	252 
3892	267 
3893	39 
3894	44 
3895	77 
3896	424 
3897	204 
3898	331 
3899	73 
3900	255 
3901	331 
3902	486 
3903	123 
3904	91 
3905	253 
3906	295 
3907	424 
3908	185 
3909	428 
3910	396 
3911	50 
3912	160 
3913	120 
3914	19 
3915	407 
3916	253 
3917	46 
3918	247 
3919	308 
3920	143 
3921	325 
3922	95 
3923	259 
3924	473 
3925	221 
3926	173 
3927	395 
3928	11 
3929	74 
3930	190 
3931	227 
3932	319 
3933	379 
3934	246 
3935	272 
3936	151 
3937	444 
3938	318 
3939	123 
3940	273 
3941	17 
3942	265 
3943	50 
3944	322 
3945	284 
3946	414 
3947	369 
3948	158 
3949	269 
3950	400 
3951	299 
3952	168 
3953	47 
3954	118 
3955	12 
3956	474 
3957	183 
3958	115 
3959	409 
3960	447 
3961	128 
3962	136 
3963	7 
3964	187 
3965	311 
3966	212 
3967	271 
3968	240 
3969	390 
3970	380 
3971	169 
3972	266 
3973	183 
3974	159 
3975	204 
3976	20 
3977	451 
3978	412 
3979	467 
3980	38 
3981	297 
3982	229 
3983	458 
3984	269 
3985	255 
3986	130 
3987	163 
3988	484 
3989	320 
3990	130 
3991	452 
3992	120 
3993	255 
3994	77 
3995	144 
3996	4 
3997	431 
3998	458 
3999	445 
4000	97 
4001	113 
4002	449 
4003	177 
4004	147 
4005	24 
4006	267 
4007	20 
4008	392 
4009	136 
4010	326 
4011	172 
4012	53 
4013	78 
4014	249 
4015	379 
4016	321 
4017	301 
4018	42 
4019	237 
4020	293 
4021	180 
4022	167 
4023	268 
4024	433 
4025	485 
4026	174 
4027	35 
4028	356 
4029	426 
4030	3 
4031	369 
4032	396 
4033	80 
4034	154 
4035	274 
4036	155 
4037	451 
4038	287 
4039	65 
4040	486 
4041	186 
4042	452 
4043	455 
4044	483 
4045	480 
4046	229 
4047	456 
4048	216 
4049	224 
4050	436 
4051	269 
4052	74 
4053	125 
4054	107 
4055	173 
4056	444 
4057	88 
4058	398 
4059	253 
4060	400 
4061	155 
4062	361 
4063	365 
4064	369 
4065	327 
4066	447 
4067	228 
4068	24 
4069	130 
4070	120 
4071	363 
4072	319 
4073	364 
4074	220 
4075	385 
4076	62 
4077	114 
4078	129 
4079	426 
4080	480 
4081	444 
4082	153 
4083	414 
4084	103 
4085	486 
4086	441 
4087	297 
4088	91 
4089	353 
4090	323 
4091	1 
4092	162 
4093	29 
4094	260 
4095	7 
4096	209 
4097	476 
4098	359 
4099	53 
4100	271 
4101	386 
4102	287 
4103	290 
4104	40 
4105	458 
4106	388 
4107	142 
4108	481 
4109	411 
4110	90 
4111	100 
4112	127 
4113	273 
4114	218 
4115	106 
4116	252 
4117	4 
4118	139 
4119	452 
4120	359 
4121	27 
4122	236 
4123	344 
4124	291 
4125	51 
4126	434 
4127	68 
4128	413 
4129	242 
4130	116 
4131	124 
4132	136 
4133	441 
4134	312 
4135	380 
4136	336 
4137	456 
4138	92 
4139	369 
4140	205 
4141	43 
4142	329 
4143	36 
4144	310 
4145	35 
4146	130 
4147	459 
4148	66 
4149	36 
4150	423 
4151	280 
4152	137 
4153	137 
4154	105 
4155	228 
4156	76 
4157	267 
4158	389 
4159	372 
4160	174 
4161	395 
4162	24 
4163	245 
4164	50 
4165	137 
4166	370 
4167	451 
4168	84 
4169	162 
4170	175 
4171	113 
4172	331 
4173	53 
4174	453 
4175	183 
4176	338 
4177	90 
4178	316 
4179	225 
4180	261 
4181	255 
4182	192 
4183	42 
4184	178 
4185	435 
4186	177 
4187	267 
4188	272 
4189	3 
4190	291 
4191	442 
4192	17 
4193	434 
4194	473 
4195	412 
4196	440 
4197	68 
4198	384 
4199	353 
4200	323 
4201	123 
4202	414 
4203	149 
4204	88 
4205	130 
4206	304 
4207	456 
4208	322 
4209	308 
4210	202 
4211	154 
4212	313 
4213	369 
4214	391 
4215	457 
4216	142 
4217	307 
4218	294 
4219	369 
4220	261 
4221	375 
4222	119 
4223	356 
4224	377 
4225	452 
4226	6 
4227	196 
4228	272 
4229	407 
4230	297 
4231	398 
4232	114 
4233	50 
4234	400 
4235	92 
4236	48 
4237	185 
4238	287 
4239	107 
4240	166 
4241	457 
4242	134 
4243	390 
4244	393 
4245	452 
4246	307 
4247	15 
4248	474 
4249	390 
4250	340 
4251	291 
4252	388 
4253	448 
4254	86 
4255	37 
4256	400 
4257	459 
4258	409 
4259	221 
4260	473 
4261	381 
4262	15 
4263	233 
4264	285 
4265	159 
4266	418 
4267	413 
4268	95 
4269	74 
4270	456 
4271	299 
4272	344 
4273	6 
4274	377 
4275	359 
4276	353 
4277	168 
4278	23 
4279	316 
4280	389 
4281	370 
4282	313 
4283	402 
4284	382 
4285	138 
4286	286 
4287	326 
4288	15 
4289	159 
4290	33 
4291	98 
4292	18 
4293	7 
4294	142 
4295	143 
4296	291 
4297	139 
4298	1 
4299	329 
4300	454 
4301	301 
4302	13 
4303	124 
4304	154 
4305	99 
4306	374 
4307	202 
4308	476 
4309	394 
4310	427 
4311	331 
4312	485 
4313	389 
4314	99 
4315	52 
4316	100 
4317	248 
4318	107 
4319	284 
4320	4 
4321	262 
4322	12 
4323	12 
4324	345 
4325	438 
4326	181 
4327	423 
4328	42 
4329	2 
4330	136 
4331	187 
4332	12 
4333	452 
4334	437 
4335	303 
4336	410 
4337	253 
4338	191 
4339	315 
4340	35 
4341	28 
4342	5 
4343	107 
4344	322 
4345	176 
4346	137 
4347	57 
4348	407 
4349	263 
4350	204 
4351	340 
4352	425 
4353	109 
4354	136 
4355	349 
4356	175 
4357	432 
4358	113 
4359	255 
4360	435 
4361	267 
4362	189 
4363	278 
4364	218 
4365	81 
4366	406 
4367	467 
4368	25 
4369	431 
4370	111 
4371	230 
4372	177 
4373	382 
4374	53 
4375	212 
4376	68 
4377	115 
4378	108 
4379	380 
4380	141 
4381	227 
4382	39 
4383	340 
4384	57 
4385	369 
4386	119 
4387	165 
4388	408 
4389	230 
4390	73 
4391	325 
4392	23 
4393	391 
4394	81 
4395	254 
4396	142 
4397	263 
4398	273 
4399	423 
4400	327 
4401	368 
4402	334 
4403	278 
4404	245 
4405	466 
4406	295 
4407	459 
4408	175 
4409	218 
4410	154 
4411	481 
4412	135 
4413	129 
4414	160 
4415	139 
4416	370 
4417	50 
4418	55 
4419	92 
4420	113 
4421	456 
4422	427 
4423	170 
4424	271 
4425	275 
4426	167 
4427	291 
4428	332 
4429	453 
4430	456 
4431	241 
4432	306 
4433	315 
4434	5 
4435	401 
4436	13 
4437	300 
4438	66 
4439	99 
4440	22 
4441	5 
4442	95 
4443	258 
4444	37 
4445	67 
4446	432 
4447	152 
4448	103 
4449	272 
4450	247 
4451	72 
4452	438 
4453	144 
4454	380 
4455	298 
4456	363 
4457	216 
4458	61 
4459	466 
4460	453 
4461	231 
4462	400 
4463	242 
4464	369 
4465	65 
4466	227 
4467	424 
4468	340 
4469	144 
4470	170 
4471	259 
4472	46 
4473	283 
4474	267 
4475	168 
4476	273 
4477	97 
4478	443 
4479	43 
4480	262 
4481	394 
4482	67 
4483	73 
4484	78 
4485	434 
4486	231 
4487	440 
4488	302 
4489	53 
4490	140 
4491	297 
4492	219 
4493	8 
4494	118 
4495	478 
4496	100 
4497	227 
4498	100 
4499	139 
4500	43 
4501	274 
4502	91 
4503	216 
4504	370 
4505	437 
4506	105 
4507	401 
4508	109 
4509	285 
4510	281 
4511	163 
4512	302 
4513	453 
4514	324 
4515	483 
4516	81 
4517	318 
4518	362 
4519	77 
4520	106 
4521	434 
4522	408 
4523	376 
4524	65 
4525	293 
4526	162 
4527	157 
4528	298 
4529	81 
4530	24 
4531	323 
4532	6 
4533	100 
4534	200 
4535	209 
4536	478 
4537	370 
4538	394 
4539	371 
4540	232 
4541	266 
4542	264 
4543	331 
4544	374 
4545	318 
4546	3 
4547	306 
4548	231 
4549	64 
4550	194 
4551	352 
4552	173 
4553	33 
4554	47 
4555	89 
4556	323 
4557	109 
4558	411 
4559	180 
4560	181 
4561	304 
4562	178 
4563	273 
4564	76 
4565	2 
4566	268 
4567	47 
4568	441 
4569	65 
4570	109 
4571	416 
4572	172 
4573	143 
4574	114 
4575	297 
4576	232 
4577	73 
4578	120 
4579	194 
4580	66 
4581	53 
4582	272 
4583	248 
4584	296 
4585	172 
4586	394 
4587	363 
4588	354 
4589	42 
4590	81 
4591	169 
4592	35 
4593	263 
4594	119 
4595	191 
4596	338 
4597	160 
4598	92 
4599	39 
4600	262 
4601	253 
4602	483 
4603	269 
4604	158 
4605	217 
4606	452 
4607	424 
4608	253 
4609	216 
4610	283 
4611	448 
4612	101 
4613	370 
4614	227 
4615	106 
4616	158 
4617	1 
4618	296 
4619	364 
4620	214 
4621	458 
4622	62 
4623	244 
4624	90 
4625	307 
4626	339 
4627	442 
4628	15 
4629	247 
4630	349 
4631	135 
4632	189 
4633	8 
4634	245 
4635	288 
4636	431 
4637	455 
4638	78 
4639	242 
4640	183 
4641	427 
4642	88 
4643	339 
4644	172 
4645	415 
4646	458 
4647	218 
4648	116 
4649	262 
4650	177 
4651	273 
4652	86 
4653	334 
4654	263 
4655	143 
4656	472 
4657	308 
4658	71 
4659	13 
4660	424 
4661	302 
4662	330 
4663	141 
4664	310 
4665	405 
4666	197 
4667	304 
4668	348 
4669	213 
4670	319 
4671	316 
4672	120 
4673	348 
4674	428 
4675	468 
4676	8 
4677	420 
4678	401 
4679	408 
4680	65 
4681	97 
4682	141 
4683	61 
4684	375 
4685	369 
4686	221 
4687	33 
4688	296 
4689	413 
4690	322 
4691	392 
4692	129 
4693	347 
4694	144 
4695	155 
4696	414 
4697	71 
4698	439 
4699	202 
4700	68 
4701	306 
4702	59 
4703	379 
4704	77 
4705	395 
4706	433 
4707	405 
4708	392 
4709	272 
4710	368 
4711	311 
4712	401 
4713	386 
4714	233 
4715	236 
4716	16 
4717	374 
4718	358 
4719	159 
4720	165 
4721	225 
4722	439 
4723	120 
4724	44 
4725	197 
4726	169 
4727	246 
4728	333 
4729	17 
4730	72 
4731	150 
4732	392 
4733	347 
4734	324 
4735	392 
4736	330 
4737	103 
4738	180 
4739	447 
4740	448 
4741	331 
4742	39 
4743	388 
4744	88 
4745	275 
4746	80 
4747	61 
4748	281 
4749	57 
4750	473 
4751	96 
4752	341 
4753	374 
4754	327 
4755	228 
4756	306 
4757	86 
4758	414 
4759	167 
4760	312 
4761	425 
4762	130 
4763	65 
4764	415 
4765	168 
4766	287 
4767	426 
4768	92 
4769	301 
4770	149 
4771	285 
4772	199 
4773	16 
4774	382 
4775	475 
4776	35 
4777	28 
4778	47 
4779	420 
4780	302 
4781	165 
4782	50 
4783	40 
4784	149 
4785	217 
4786	158 
4787	311 
4788	392 
4789	389 
4790	101 
4791	181 
4792	272 
4793	297 
4794	155 
4795	287 
4796	400 
4797	333 
4798	11 
4799	427 
4800	34 
4801	186 
4802	25 
4803	354 
4804	30 
4805	189 
4806	412 
4807	287 
4808	271 
4809	84 
4810	61 
4811	7 
4812	332 
4813	443 
4814	474 
4815	393 
4816	320 
4817	183 
4818	299 
4819	294 
4820	56 
4821	162 
4822	244 
4823	118 
4824	486 
4825	169 
4826	310 
4827	389 
4828	298 
4829	315 
4830	186 
4831	185 
4832	204 
4833	463 
4834	313 
4835	224 
4836	143 
4837	456 
4838	412 
4839	38 
4840	333 
4841	62 
4842	244 
4843	205 
4844	80 
4845	362 
4846	139 
4847	361 
4848	74 
4849	197 
4850	249 
4851	409 
4852	288 
4853	337 
4854	318 
4855	236 
4856	430 
4857	51 
4858	348 
4859	48 
4860	396 
4861	476 
4862	400 
4863	46 
4864	286 
4865	303 
4866	124 
4867	344 
4868	486 
4869	220 
4870	341 
4871	324 
4872	22 
4873	382 
4874	352 
4875	443 
4876	433 
4877	180 
4878	268 
4879	311 
4880	456 
4881	232 
4882	402 
4883	71 
4884	23 
4885	265 
4886	396 
4887	339 
4888	65 
4889	392 
4890	216 
4891	442 
4892	407 
4893	219 
4894	28 
4895	237 
4896	369 
4897	231 
4898	427 
4899	442 
4900	453 
4901	459 
4902	476 
4903	428 
4904	451 
4905	412 
4906	105 
4907	483 
4908	468 
4909	232 
4910	271 
4911	187 
4912	298 
4913	408 
4914	89 
4915	486 
4916	287 
4917	396 
4918	237 
4919	147 
4920	484 
4921	426 
4922	379 
4923	4 
4924	414 
4925	376 
4926	463 
4927	314 
4928	135 
4929	236 
4930	465 
4931	31 
4932	214 
4933	39 
4934	4 
4935	27 
4936	56 
4937	423 
4938	308 
4939	73 
4940	245 
4941	56 
4942	326 
4943	183 
4944	52 
4945	9 
4946	96 
4947	273 
4948	189 
4949	40 
4950	481 
4951	393 
4952	90 
4953	231 
4954	26 
4955	67 
4956	408 
4957	336 
4958	34 
4959	275 
4960	329 
4961	139 
4962	62 
4963	75 
4964	89 
4965	6 
4966	388 
4967	352 
4968	42 
4969	443 
4970	255 
4971	292 
4972	68 
4973	7 
4974	311 
4975	202 
4976	269 
4977	65 
4978	352 
4979	420 
4980	214 
4981	307 
4982	433 
4983	337 
4984	479 
4985	363 
4986	48 
4987	33 
4988	58 
4989	17 
4990	50 
4991	72 
4992	413 
4993	101 
4994	157 
4995	417 
4996	214 
4997	353 
4998	142 
4999	485 
5000	230 
5001	212 
5002	2 
5003	168 
5004	314 
5005	273 
5006	426 
5007	336 
5008	175 
5009	330 
5010	246 
5011	441 
5012	23 
5013	466 
5014	229 
5015	369 
5016	3 
5017	153 
5018	120 
5019	410 
5020	164 
5021	230 
5022	333 
5023	465 
5024	7 
5025	191 
5026	324 
5027	56 
5028	100 
5029	216 
5030	348 
5031	449 
5032	102 
5033	283 
5034	143 
5035	449 
5036	55 
5037	163 
5038	247 
5039	385 
5040	294 
5041	85 
5042	337 
5043	2 
5044	261 
5045	128 
5046	274 
5047	241 
5048	392 
5049	416 
5050	303 
5051	75 
5052	416 
5053	393 
5054	465 
5055	139 
5056	86 
5057	22 
5058	113 
5059	107 
5060	139 
5061	189 
5062	284 
5063	6 
5064	456 
5065	259 
5066	192 
5067	388 
5068	7 
5069	298 
5070	324 
5071	36 
5072	43 
5073	38 
5074	388 
5075	224 
5076	425 
5077	249 
5078	164 
5079	242 
5080	180 
5081	481 
5082	157 
5083	463 
5084	300 
5085	388 
5086	91 
5087	438 
5088	264 
5089	228 
5090	407 
5091	474 
5092	473 
5093	86 
5094	479 
5095	267 
5096	220 
5097	475 
5098	430 
5099	388 
5100	269 
5101	283 
5102	247 
5103	287 
5104	60 
5105	230 
5106	376 
5107	170 
5108	230 
5109	11 
5110	410 
5111	398 
5112	204 
5113	430 
5114	194 
5115	28 
5116	115 
5117	296 
5118	157 
5119	36 
5120	205 
5121	339 
5122	172 
5123	2 
5124	232 
5125	213 
5126	147 
5127	251 
5128	467 
5129	59 
5130	361 
5131	163 
5132	165 
5133	46 
5134	232 
5135	125 
5136	476 
5137	156 
5138	91 
5139	385 
5140	147 
5141	181 
5142	95 
5143	119 
5144	40 
5145	31 
5146	262 
5147	231 
5148	247 
5149	481 
5150	476 
5151	2 
5152	205 
5153	96 
5154	233 
5155	128 
5156	329 
5157	247 
5158	13 
5159	244 
5160	162 
5161	436 
5162	330 
5163	472 
5164	465 
5165	192 
5166	413 
5167	472 
5168	263 
5169	468 
5170	414 
5171	387 
5172	440 
5173	300 
5174	198 
5175	407 
5176	437 
5177	212 
5178	5 
5179	49 
5180	74 
5181	92 
5182	452 
5183	467 
5184	40 
5185	157 
5186	390 
5187	54 
5188	180 
5189	175 
5190	251 
5191	227 
5192	159 
5193	92 
5194	217 
5195	160 
5196	100 
5197	334 
5198	204 
5199	259 
5200	288 
5201	274 
5202	480 
5203	60 
5204	97 
5205	18 
5206	188 
5207	118 
5208	300 
5209	31 
5210	212 
5211	31 
5212	459 
5213	290 
5214	125 
5215	130 
5216	359 
5217	313 
5218	398 
5219	486 
5220	61 
5221	245 
5222	241 
5223	337 
5224	283 
5225	486 
5226	246 
5227	375 
5228	466 
5229	382 
5230	185 
5231	204 
5232	110 
5233	101 
5234	75 
5235	26 
5236	410 
5237	436 
5238	414 
5239	150 
5240	174 
5241	202 
5242	362 
5243	177 
5244	192 
5245	394 
5246	301 
5247	260 
5248	232 
5249	242 
5250	100 
5251	335 
5252	465 
5253	118 
5254	13 
5255	319 
5256	84 
5257	394 
5258	54 
5259	359 
5260	189 
5261	324 
5262	313 
5263	232 
5264	36 
5265	101 
5266	140 
5267	308 
5268	344 
5269	414 
5270	110 
5271	263 
5272	40 
5273	411 
5274	437 
5275	245 
5276	420 
5277	164 
5278	286 
5279	91 
5280	379 
5281	204 
5282	111 
5283	17 
5284	197 
5285	141 
5286	196 
5287	13 
5288	80 
5289	218 
5290	283 
5291	379 
5292	281 
5293	338 
5294	278 
5295	209 
5296	438 
5297	216 
5298	293 
5299	385 
5300	16 
5301	394 
5302	318 
5303	387 
5304	191 
5305	396 
5306	339 
5307	340 
5308	1 
5309	221 
5310	449 
5311	394 
5312	436 
5313	219 
5314	359 
5315	160 
5316	448 
5317	479 
5318	473 
5319	411 
5320	441 
5321	30 
5322	413 
5323	474 
5324	285 
5325	455 
5326	376 
5327	44 
5328	382 
5329	116 
5330	349 
5331	473 
5332	411 
5333	172 
5334	338 
5335	406 
5336	426 
5337	240 
5338	150 
5339	74 
5340	474 
5341	261 
5342	141 
5343	30 
5344	1 
5345	191 
5346	67 
5347	486 
5348	304 
5349	382 
5350	391 
5351	240 
5352	91 
5353	125 
5354	344 
5355	455 
5356	358 
5357	67 
5358	90 
5359	336 
5360	162 
5361	157 
5362	111 
5363	156 
5364	170 
5365	271 
5366	207 
5367	358 
5368	194 
5369	49 
5370	97 
5371	6 
5372	431 
5373	44 
5374	483 
5375	320 
5376	373 
5377	407 
5378	231 
5379	486 
5380	194 
5381	286 
5382	407 
5383	107 
5384	390 
5385	9 
5386	273 
5387	65 
5388	438 
5389	271 
5390	259 
5391	140 
5392	420 
5393	272 
5394	456 
5395	410 
5396	266 
5397	66 
5398	227 
5399	438 
5400	433 
5401	341 
5402	57 
5403	263 
5404	424 
5405	385 
5406	36 
5407	449 
5408	327 
5409	401 
5410	58 
5411	445 
5412	440 
5413	272 
5414	326 
5415	80 
5416	153 
5417	425 
5418	142 
5419	252 
5420	173 
5421	410 
5422	274 
5423	103 
5424	433 
5425	302 
5426	272 
5427	192 
5428	438 
5429	387 
5430	196 
5431	459 
5432	136 
5433	224 
5434	426 
5435	486 
5436	13 
5437	394 
5438	427 
5439	440 
5440	308 
5441	231 
5442	302 
5443	313 
5444	248 
5445	433 
5446	233 
5447	127 
5448	255 
5449	167 
5450	302 
5451	261 
5452	473 
5453	13 
5454	316 
5455	71 
5456	136 
5457	414 
5458	204 
5459	380 
5460	198 
5461	183 
5462	478 
5463	120 
5464	329 
5465	100 
5466	280 
5467	129 
5468	3 
5469	358 
5470	451 
5471	91 
5472	324 
5473	377 
5474	292 
5475	54 
5476	245 
5477	285 
5478	377 
5479	319 
5480	483 
5481	417 
5482	322 
5483	39 
5484	23 
5485	475 
5486	156 
5487	264 
5488	52 
5489	344 
5490	259 
5491	100 
5492	259 
5493	341 
5494	196 
5495	373 
5496	386 
5497	123 
5498	337 
5499	300 
5500	483 
5501	255 
5502	137 
5503	248 
5504	375 
5505	292 
5506	486 
5507	105 
5508	281 
5509	166 
5510	445 
5511	415 
5512	194 
5513	382 
5514	56 
5515	468 
5516	185 
5517	169 
5518	324 
5519	258 
5520	123 
5521	437 
5522	23 
5523	2 
5524	280 
5525	115 
5526	154 
5527	410 
5528	190 
5529	144 
5530	11 
5531	12 
5532	373 
5533	173 
5534	2 
5535	407 
5536	465 
5537	185 
5538	86 
5539	467 
5540	329 
5541	140 
5542	60 
5543	272 
5544	272 
5545	7 
5546	248 
5547	478 
5548	166 
5549	13 
5550	420 
5551	135 
5552	170 
5553	437 
5554	324 
5555	369 
5556	16 
5557	316 
5558	406 
5559	103 
5560	190 
5561	123 
5562	115 
5563	31 
5564	183 
5565	199 
5566	389 
5567	375 
5568	274 
5569	205 
5570	307 
5571	349 
5572	3 
5573	301 
5574	44 
5575	5 
5576	101 
5577	266 
5578	17 
5579	230 
5580	199 
5581	398 
5582	377 
5583	263 
5584	192 
5585	66 
5586	204 
5587	12 
5588	369 
5589	207 
5590	162 
5591	280 
5592	258 
5593	392 
5594	299 
5595	435 
5596	165 
5597	143 
5598	392 
5599	139 
5600	23 
5601	12 
5602	58 
5603	394 
5604	320 
5605	451 
5606	169 
5607	198 
5608	172 
5609	202 
5610	77 
5611	371 
5612	330 
5613	209 
5614	436 
5615	263 
5616	476 
5617	65 
5618	291 
5619	476 
5620	240 
5621	183 
5622	220 
5623	199 
5624	293 
5625	216 
5626	244 
5627	359 
5628	167 
5629	35 
5630	230 
5631	288 
5632	393 
5633	271 
5634	24 
5635	349 
5636	136 
5637	375 
5638	230 
5639	297 
5640	247 
5641	308 
5642	398 
5643	178 
5644	116 
5645	214 
5646	364 
5647	116 
5648	467 
5649	354 
5650	442 
5651	481 
5652	28 
5653	287 
5654	71 
5655	287 
5656	473 
5657	137 
5658	191 
5659	380 
5660	49 
5661	390 
5662	191 
5663	428 
5664	56 
5665	371 
5666	91 
5667	6 
5668	59 
5669	44 
5670	303 
5671	480 
5672	414 
5673	28 
5674	466 
5675	123 
5676	263 
5677	120 
5678	102 
5679	55 
5680	245 
5681	347 
5682	244 
5683	76 
5684	252 
5685	242 
5686	180 
5687	85 
5688	140 
5689	449 
5690	200 
5691	26 
5692	426 
5693	459 
5694	281 
5695	380 
5696	136 
5697	258 
5698	362 
5699	334 
5700	40 
5701	39 
5702	358 
5703	278 
5704	433 
5705	177 
5706	407 
5707	331 
5708	486 
5709	341 
5710	240 
5711	116 
5712	420 
5713	448 
5714	56 
5715	338 
5716	107 
5717	212 
5718	259 
5719	3 
5720	273 
5721	339 
5722	76 
5723	213 
5724	248 
5725	291 
5726	232 
5727	338 
5728	214 
5729	302 
5730	431 
5731	44 
5732	457 
5733	221 
5734	86 
5735	281 
5736	297 
5737	415 
5738	202 
5739	485 
5740	119 
5741	49 
5742	287 
5743	445 
5744	315 
5745	331 
5746	293 
5747	258 
5748	22 
5749	111 
5750	194 
5751	185 
5752	485 
5753	144 
5754	424 
5755	84 
5756	4 
5757	56 
5758	111 
5759	451 
5760	110 
5761	308 
5762	418 
5763	213 
5764	330 
5765	434 
5766	180 
5767	248 
5768	180 
5769	452 
5770	22 
5771	297 
5772	416 
5773	409 
5774	205 
5775	412 
5776	278 
5777	338 
5778	444 
5779	100 
5780	327 
5781	377 
5782	37 
5783	443 
5784	379 
5785	444 
5786	59 
5787	254 
5788	278 
5789	178 
5790	198 
5791	370 
5792	151 
5793	352 
5794	116 
5795	268 
5796	200 
5797	110 
5798	456 
5799	167 
5800	95 
5801	337 
5802	159 
5803	3 
5804	191 
5805	262 
5806	128 
5807	448 
5808	440 
5809	430 
5810	347 
5811	6 
5812	455 
5813	123 
5814	123 
5815	28 
5816	173 
5817	90 
5818	80 
5819	347 
5820	159 
5821	42 
5822	341 
5823	75 
5824	335 
5825	262 
5826	420 
5827	426 
5828	260 
5829	341 
5830	428 
5831	297 
5832	100 
5833	6 
5834	158 
5835	58 
5836	268 
5837	332 
5838	33 
5839	34 
5840	233 
5841	242 
5842	173 
5843	440 
5844	418 
5845	455 
5846	319 
5847	402 
5848	13 
5849	476 
5850	190 
5851	116 
5852	406 
5853	115 
5854	212 
5855	287 
5856	301 
5857	144 
5858	440 
5859	392 
5860	200 
5861	444 
5862	456 
5863	164 
5864	125 
5865	417 
5866	224 
5867	101 
5868	369 
5869	227 
5870	71 
5871	20 
5872	455 
5873	271 
5874	294 
5875	291 
5876	224 
5877	96 
5878	409 
5879	377 
5880	334 
5881	141 
5882	236 
5883	259 
5884	474 
5885	333 
5886	472 
5887	280 
5888	323 
5889	400 
5890	297 
5891	293 
5892	423 
5893	236 
5894	168 
5895	174 
5896	298 
5897	5 
5898	254 
5899	459 
5900	241 
5901	23 
5902	168 
5903	1 
5904	71 
5905	400 
5906	199 
5907	214 
5908	380 
5909	198 
5910	248 
5911	231 
5912	302 
5913	58 
5914	339 
5915	115 
5916	33 
5917	204 
5918	241 
5919	2 
5920	190 
5921	401 
5922	212 
5923	85 
5924	111 
5925	154 
5926	35 
5927	39 
5928	281 
5929	16 
5930	441 
5931	431 
5932	293 
5933	273 
5934	373 
5935	415 
5936	244 
5937	115 
5938	254 
5939	251 
5940	216 
5941	23 
5942	167 
5943	347 
5944	407 
5945	219 
5946	166 
5947	35 
5948	13 
5949	265 
5950	103 
5951	173 
5952	396 
5953	209 
5954	478 
5955	8 
5956	3 
5957	364 
5958	248 
5959	406 
5960	49 
5961	68 
5962	230 
5963	236 
5964	349 
5965	54 
5966	241 
5967	480 
5968	273 
5969	92 
5970	392 
5971	467 
5972	194 
5973	296 
5974	135 
5975	401 
5976	141 
5977	398 
5978	299 
5979	392 
5980	347 
5981	444 
5982	172 
5983	49 
5984	162 
5985	251 
5986	181 
5987	455 
5988	354 
5989	369 
5990	53 
5991	255 
5992	200 
5993	58 
5994	246 
5995	202 
5996	209 
5997	271 
5998	288 
5999	309 
6000	74 
6001	135 
6002	457 
6003	26 
6004	370 
6005	481 
6006	445 
6007	218 
6008	75 
6009	166 
6010	364 
6011	280 
6012	321 
6013	180 
6014	326 
6015	347 
6016	105 
6017	479 
6018	2 
6019	467 
6020	336 
6021	231 
6022	165 
6023	183 
6024	307 
6025	190 
6026	333 
6027	316 
6028	37 
6029	371 
6030	283 
6031	341 
6032	125 
6033	300 
6034	362 
6035	71 
6036	204 
6037	20 
6038	81 
6039	213 
6040	283 
6041	159 
6042	436 
6043	271 
6044	246 
6045	128 
6046	481 
6047	197 
6048	288 
6049	445 
6050	364 
6051	54 
6052	396 
6053	334 
6054	135 
6055	318 
6056	455 
6057	254 
6058	448 
6059	415 
6060	58 
6061	465 
6062	149 
6063	296 
6064	205 
6065	329 
6066	236 
6067	441 
6068	84 
6069	154 
6070	137 
6071	441 
6072	435 
6073	255 
6074	89 
6075	413 
6076	228 
6077	12 
6078	183 
6079	332 
6080	192 
6081	24 
6082	212 
6083	188 
6084	457 
6085	13 
6086	232 
6087	207 
6088	173 
6089	91 
6090	137 
6091	294 
6092	142 
6093	81 
6094	402 
6095	260 
6096	57 
6097	329 
6098	168 
6099	109 
6100	88 
6101	369 
6102	309 
6103	274 
6104	315 
6105	391 
6106	177 
6107	385 
6108	273 
6109	205 
6110	194 
6111	332 
6112	119 
6113	219 
6114	233 
6115	110 
6116	315 
6117	80 
6118	173 
6119	159 
6120	313 
6121	204 
6122	301 
6123	294 
6124	352 
6125	264 
6126	382 
6127	444 
6128	379 
6129	300 
6130	423 
6131	387 
6132	387 
6133	436 
6134	35 
6135	27 
6136	340 
6137	315 
6138	60 
6139	205 
6140	260 
6141	272 
6142	268 
6143	413 
6144	137 
6145	248 
6146	46 
6147	153 
6148	13 
6149	347 
6150	457 
6151	283 
6152	428 
6153	474 
6154	120 
6155	382 
6156	440 
6157	102 
6158	315 
6159	319 
6160	416 
6161	255 
6162	33 
6163	36 
6164	230 
6165	86 
6166	309 
6167	325 
6168	313 
6169	309 
6170	371 
6171	64 
6172	18 
6173	480 
6174	293 
6175	90 
6176	255 
6177	147 
6178	434 
6179	136 
6180	200 
6181	481 
6182	216 
6183	162 
6184	84 
6185	436 
6186	370 
6187	448 
6188	218 
6189	192 
6190	455 
6191	140 
6192	248 
6193	218 
6194	169 
6195	263 
6196	185 
6197	474 
6198	423 
6199	204 
6200	154 
6201	262 
6202	183 
6203	156 
6204	120 
6205	153 
6206	128 
6207	136 
6208	27 
6209	163 
6210	61 
6211	414 
6212	294 
6213	371 
6214	209 
6215	115 
6216	189 
6217	441 
6218	400 
6219	431 
6220	359 
6221	190 
6222	89 
6223	321 
6224	476 
6225	155 
6226	230 
6227	432 
6228	194 
6229	168 
6230	409 
6231	481 
6232	271 
6233	434 
6234	318 
6235	54 
6236	107 
6237	111 
6238	221 
6239	457 
6240	291 
6241	199 
6242	8 
6243	191 
6244	116 
6245	302 
6246	177 
6247	402 
6248	127 
6249	18 
6250	412 
6251	55 
6252	349 
6253	38 
6254	49 
6255	455 
6256	478 
6257	297 
6258	251 
6259	177 
6260	414 
6261	299 
6262	103 
6263	449 
6264	484 
6265	313 
6266	254 
6267	163 
6268	449 
6269	347 
6270	274 
6271	340 
6272	128 
6273	410 
6274	386 
6275	274 
6276	102 
6277	158 
6278	386 
6279	236 
6280	158 
6281	448 
6282	358 
6283	227 
6284	3 
6285	233 
6286	75 
6287	259 
6288	480 
6289	177 
6290	46 
6291	102 
6292	150 
6293	53 
6294	475 
6295	109 
6296	424 
6297	219 
6298	410 
6299	334 
6300	135 
6301	12 
6302	160 
6303	431 
6304	391 
6305	246 
6306	109 
6307	64 
6308	439 
6309	110 
6310	371 
6311	392 
6312	466 
6313	155 
6314	212 
6315	169 
6316	163 
6317	4 
6318	473 
6319	456 
6320	428 
6321	13 
6322	427 
6323	196 
6324	97 
6325	436 
6326	150 
6327	232 
6328	408 
6329	120 
6330	204 
6331	373 
6332	443 
6333	74 
6334	24 
6335	173 
6336	290 
6337	292 
6338	307 
6339	89 
6340	49 
6341	390 
6342	127 
6343	147 
6344	349 
6345	246 
6346	362 
6347	78 
6348	17 
6349	386 
6350	33 
6351	401 
6352	377 
6353	251 
6354	101 
6355	349 
6356	228 
6357	168 
6358	42 
6359	180 
6360	185 
6361	456 
6362	484 
6363	233 
6364	61 
6365	283 
6366	348 
6367	81 
6368	280 
6369	354 
6370	262 
6371	230 
6372	323 
6373	53 
6374	142 
6375	392 
6376	116 
6377	219 
6378	439 
6379	71 
6380	400 
6381	263 
6382	451 
6383	285 
6384	36 
6385	311 
6386	338 
6387	147 
6388	31 
6389	448 
6390	347 
6391	97 
6392	347 
6393	386 
6394	290 
6395	177 
6396	56 
6397	74 
6398	340 
6399	359 
6400	364 
6401	333 
6402	65 
6403	300 
6404	409 
6405	467 
6406	434 
6407	424 
6408	38 
6409	123 
6410	227 
6411	485 
6412	213 
6413	337 
6414	480 
6415	57 
6416	388 
6417	303 
6418	275 
6419	425 
6420	212 
6421	154 
6422	376 
6423	245 
6424	303 
6425	265 
6426	377 
6427	268 
6428	160 
6429	474 
6430	302 
6431	358 
6432	286 
6433	158 
6434	443 
6435	255 
6436	329 
6437	246 
6438	141 
6439	485 
6440	254 
6441	388 
6442	407 
6443	370 
6444	220 
6445	364 
6446	135 
6447	428 
6448	324 
6449	242 
6450	371 
6451	115 
6452	423 
6453	97 
6454	344 
6455	194 
6456	379 
6457	6 
6458	100 
6459	467 
6460	319 
6461	103 
6462	36 
6463	141 
6464	207 
6465	13 
6466	248 
6467	111 
6468	143 
6469	74 
6470	324 
6471	388 
6472	204 
6473	432 
6474	466 
6475	443 
6476	370 
6477	8 
6478	391 
6479	202 
6480	437 
6481	42 
6482	340 
6483	323 
6484	177 
6485	439 
6486	68 
6487	410 
6488	2 
6489	12 
6490	167 
6491	245 
6492	141 
6493	456 
6494	456 
6495	89 
6496	17 
6497	159 
6498	344 
6499	4 
6500	68 
6501	248 
6502	166 
6503	220 
6504	164 
6505	233 
6506	61 
6507	401 
6508	435 
6509	157 
6510	240 
6511	66 
6512	111 
6513	183 
6514	156 
6515	174 
6516	230 
6517	74 
6518	338 
6519	337 
6520	264 
6521	455 
6522	50 
6523	364 
6524	443 
6525	325 
6526	348 
6527	26 
6528	170 
6529	110 
6530	418 
6531	24 
6532	467 
6533	180 
6534	110 
6535	268 
6536	107 
6537	194 
6538	42 
6539	340 
6540	485 
6541	452 
6542	349 
6543	329 
6544	73 
6545	290 
6546	115 
6547	232 
6548	127 
6549	103 
6550	437 
6551	406 
6552	166 
6553	220 
6554	473 
6555	386 
6556	349 
6557	55 
6558	456 
6559	183 
6560	100 
6561	139 
6562	258 
6563	120 
6564	292 
6565	274 
6566	36 
6567	190 
6568	394 
6569	478 
6570	216 
6571	231 
6572	24 
6573	352 
6574	199 
6575	6 
6576	264 
6577	457 
6578	1 
6579	452 
6580	426 
6581	68 
6582	410 
6583	78 
6584	431 
6585	78 
6586	207 
6587	240 
6588	192 
6589	341 
6590	227 
6591	439 
6592	61 
6593	369 
6594	150 
6595	140 
6596	473 
6597	151 
6598	31 
6599	311 
6600	191 
6601	432 
6602	362 
6603	475 
6604	65 
6605	455 
6606	448 
6607	439 
6608	54 
6609	232 
6610	154 
6611	84 
6612	344 
6613	15 
6614	265 
6615	396 
6616	20 
6617	57 
6618	246 
6619	476 
6620	156 
6621	116 
6622	1 
6623	275 
6624	293 
6625	71 
6626	144 
6627	447 
6628	418 
6629	154 
6630	173 
6631	291 
6632	448 
6633	170 
6634	205 
6635	107 
6636	322 
6637	302 
6638	177 
6639	480 
6640	264 
6641	213 
6642	18 
6643	181 
6644	448 
6645	154 
6646	401 
6647	46 
6648	156 
6649	457 
6650	22 
6651	18 
6652	254 
6653	58 
6654	412 
6655	111 
6656	361 
6657	142 
6658	280 
6659	27 
6660	448 
6661	475 
6662	220 
6663	391 
6664	376 
6665	219 
6666	81 
6667	7 
6668	474 
6669	286 
6670	123 
6671	316 
6672	400 
6673	443 
6674	102 
6675	332 
6676	155 
6677	347 
6678	296 
6679	120 
6680	313 
6681	123 
6682	354 
6683	7 
6684	181 
6685	354 
6686	120 
6687	354 
6688	344 
6689	149 
6690	456 
6691	406 
6692	183 
6693	337 
6694	204 
6695	323 
6696	224 
6697	150 
6698	246 
6699	150 
6700	275 
6701	247 
6702	158 
6703	230 
6704	302 
6705	228 
6706	200 
6707	313 
6708	371 
6709	332 
6710	333 
6711	191 
6712	38 
6713	311 
6714	252 
6715	252 
6716	228 
6717	149 
6718	245 
6719	336 
6720	445 
6721	105 
6722	158 
6723	46 
6724	322 
6725	144 
6726	476 
6727	349 
6728	325 
6729	352 
6730	401 
6731	228 
6732	78 
6733	149 
6734	447 
6735	85 
6736	18 
6737	311 
6738	103 
6739	64 
6740	251 
6741	8 
6742	386 
6743	218 
6744	90 
6745	31 
6746	354 
6747	156 
6748	183 
6749	163 
6750	278 
6751	319 
6752	313 
6753	370 
6754	377 
6755	361 
6756	178 
6757	259 
6758	338 
6759	159 
6760	220 
6761	156 
6762	300 
6763	213 
6764	478 
6765	162 
6766	290 
6767	443 
6768	80 
6769	128 
6770	212 
6771	13 
6772	413 
6773	231 
6774	216 
6775	44 
6776	338 
6777	68 
6778	326 
6779	140 
6780	76 
6781	400 
6782	17 
6783	259 
6784	144 
6785	59 
6786	465 
6787	95 
6788	481 
6789	321 
6790	479 
6791	324 
6792	416 
6793	348 
6794	163 
6795	377 
6796	105 
6797	73 
6798	456 
6799	247 
6800	92 
6801	120 
6802	369 
6803	444 
6804	35 
6805	430 
6806	1 
6807	47 
6808	47 
6809	303 
6810	424 
6811	323 
6812	177 
6813	406 
6814	394 
6815	73 
6816	466 
6817	297 
6818	218 
6819	20 
6820	374 
6821	484 
6822	192 
6823	28 
6824	391 
6825	407 
6826	54 
6827	271 
6828	272 
6829	158 
6830	38 
6831	283 
6832	168 
6833	393 
6834	341 
6835	42 
6836	299 
6837	80 
6838	136 
6839	244 
6840	24 
6841	248 
6842	66 
6843	30 
6844	162 
6845	49 
6846	20 
6847	111 
6848	361 
6849	160 
6850	259 
6851	66 
6852	4 
6853	268 
6854	332 
6855	142 
6856	283 
6857	128 
6858	101 
6859	65 
6860	165 
6861	27 
6862	447 
6863	316 
6864	439 
6865	389 
6866	213 
6867	444 
6868	329 
6869	467 
6870	455 
6871	409 
6872	445 
6873	386 
6874	6 
6875	65 
6876	119 
6877	27 
6878	475 
6879	27 
6880	105 
6881	335 
6882	137 
6883	80 
6884	246 
6885	46 
6886	200 
6887	61 
6888	159 
6889	219 
6890	202 
6891	443 
6892	252 
6893	164 
6894	218 
6895	377 
6896	116 
6897	7 
6898	74 
6899	349 
6900	164 
6901	101 
6902	200 
6903	139 
6904	197 
6905	18 
6906	352 
6907	247 
6908	236 
6909	216 
6910	18 
6911	81 
6912	476 
6913	66 
6914	130 
6915	370 
6916	331 
6917	475 
6918	60 
6919	233 
6920	483 
6921	26 
6922	244 
6923	190 
6924	283 
6925	321 
6926	341 
6927	96 
6928	299 
6929	38 
6930	376 
6931	349 
6932	109 
6933	205 
6934	183 
6935	456 
6936	231 
6937	92 
6938	205 
6939	96 
6940	64 
6941	382 
6942	200 
6943	445 
6944	246 
6945	230 
6946	97 
6947	42 
6948	7 
6949	127 
6950	109 
6951	272 
6952	418 
6953	296 
6954	274 
6955	27 
6956	54 
6957	275 
6958	349 
6959	173 
6960	265 
6961	58 
6962	244 
6963	382 
6964	127 
6965	28 
6966	347 
6967	60 
6968	192 
6969	413 
6970	407 
6971	73 
6972	359 
6973	476 
6974	467 
6975	481 
6976	139 
6977	53 
6978	347 
6979	362 
6980	88 
6981	64 
6982	285 
6983	28 
6984	66 
6985	44 
6986	439 
6987	120 
6988	28 
6989	151 
6990	255 
6991	59 
6992	392 
6993	379 
6994	151 
6995	325 
6996	35 
6997	322 
6998	174 
6999	66 
7000	242 
7001	26 
7002	119 
7003	26 
7004	370 
7005	199 
7006	130 
7007	374 
7008	158 
7009	296 
7010	387 
7011	426 
7012	154 
7013	248 
7014	337 
7015	272 
7016	38 
7017	207 
7018	288 
7019	338 
7020	377 
7021	205 
7022	89 
7023	340 
7024	110 
7025	149 
7026	242 
7027	364 
7028	53 
7029	449 
7030	377 
7031	119 
7032	303 
7033	292 
7034	143 
7035	407 
7036	8 
7037	74 
7038	155 
7039	199 
7040	415 
7041	7 
7042	425 
7043	149 
7044	166 
7045	465 
7046	214 
7047	53 
7048	416 
7049	246 
7050	386 
7051	49 
7052	20 
7053	242 
7054	424 
7055	423 
7056	216 
7057	160 
7058	287 
7059	185 
7060	248 
7061	90 
7062	165 
7063	202 
7064	358 
7065	479 
7066	449 
7067	144 
7068	109 
7069	86 
7070	137 
7071	335 
7072	68 
7073	139 
7074	255 
7075	204 
7076	382 
7077	197 
7078	425 
7079	324 
7080	255 
7081	192 
7082	447 
7083	158 
7084	65 
7085	325 
7086	40 
7087	73 
7088	12 
7089	224 
7090	190 
7091	320 
7092	291 
7093	425 
7094	130 
7095	262 
7096	400 
7097	473 
7098	260 
7099	30 
7100	80 
7101	76 
7102	247 
7103	431 
7104	76 
7105	370 
7106	183 
7107	386 
7108	359 
7109	101 
7110	220 
7111	466 
7112	447 
7113	400 
7114	55 
7115	73 
7116	425 
7117	18 
7118	291 
7119	335 
7120	128 
7121	301 
7122	473 
7123	455 
7124	220 
7125	389 
7126	42 
7127	436 
7128	127 
7129	123 
7130	167 
7131	347 
7132	416 
7133	57 
7134	364 
7135	39 
7136	80 
7137	42 
7138	455 
7139	17 
7140	323 
7141	85 
7142	391 
7143	18 
7144	260 
7145	467 
7146	479 
7147	246 
7148	315 
7149	159 
7150	311 
7151	159 
7152	369 
7153	382 
7154	251 
7155	158 
7156	181 
7157	445 
7158	40 
7159	321 
7160	103 
7161	361 
7162	259 
7163	486 
7164	396 
7165	410 
7166	233 
7167	207 
7168	371 
7169	370 
7170	177 
7171	455 
7172	169 
7173	127 
7174	90 
7175	3 
7176	325 
7177	110 
7178	119 
7179	425 
7180	4 
7181	169 
7182	359 
7183	74 
7184	73 
7185	435 
7186	274 
7187	60 
7188	443 
7189	301 
7190	263 
7191	264 
7192	76 
7193	445 
7194	386 
7195	144 
7196	57 
7197	213 
7198	299 
7199	481 
7200	290 
7201	169 
7202	431 
7203	84 
7204	143 
7205	440 
7206	333 
7207	219 
7208	73 
7209	16 
7210	97 
7211	302 
7212	479 
7213	220 
7214	436 
7215	95 
7216	153 
7217	319 
7218	116 
7219	151 
7220	302 
7221	435 
7222	116 
7223	84 
7224	190 
7225	180 
7226	159 
7227	183 
7228	418 
7229	335 
7230	290 
7231	54 
7232	333 
7233	334 
7234	439 
7235	128 
7236	183 
7237	409 
7238	416 
7239	111 
7240	433 
7241	316 
7242	165 
7243	135 
7244	352 
7245	130 
7246	398 
7247	17 
7248	255 
7249	486 
7250	119 
7251	465 
7252	439 
7253	441 
7254	392 
7255	325 
7256	136 
7257	466 
7258	109 
7259	303 
7260	116 
7261	39 
7262	415 
7263	68 
7264	218 
7265	287 
7266	194 
7267	92 
7268	149 
7269	348 
7270	301 
7271	301 
7272	413 
7273	6 
7274	260 
7275	337 
7276	162 
7277	445 
7278	333 
7279	242 
7280	53 
7281	214 
7282	322 
7283	431 
7284	326 
7285	465 
7286	415 
7287	53 
7288	213 
7289	220 
7290	76 
7291	398 
7292	326 
7293	27 
7294	190 
7295	388 
7296	194 
7297	335 
7298	18 
7299	137 
7300	20 
7301	481 
7302	448 
7303	280 
7304	407 
7305	245 
7306	142 
7307	391 
7308	247 
7309	359 
7310	393 
7311	433 
7312	33 
7313	268 
7314	248 
7315	205 
7316	318 
7317	162 
7318	127 
7319	401 
7320	58 
7321	177 
7322	268 
7323	425 
7324	478 
7325	16 
7326	296 
7327	394 
7328	4 
7329	155 
7330	74 
7331	172 
7332	268 
7333	84 
7334	64 
7335	364 
7336	12 
7337	386 
7338	272 
7339	456 
7340	13 
7341	181 
7342	183 
7343	272 
7344	207 
7345	376 
7346	220 
7347	142 
7348	268 
7349	329 
7350	227 
7351	292 
7352	386 
7353	320 
7354	128 
7355	308 
7356	128 
7357	297 
7358	17 
7359	37 
7360	426 
7361	376 
7362	465 
7363	264 
7364	361 
7365	178 
7366	440 
7367	74 
7368	293 
7369	393 
7370	456 
7371	42 
7372	272 
7373	409 
7374	139 
7375	84 
7376	425 
7377	46 
7378	217 
7379	358 
7380	341 
7381	299 
7382	158 
7383	322 
7384	139 
7385	392 
7386	440 
7387	388 
7388	91 
7389	213 
7390	413 
7391	37 
7392	473 
7393	128 
7394	244 
7395	455 
7396	335 
7397	379 
7398	26 
7399	486 
7400	217 
7401	340 
7402	13 
7403	128 
7404	389 
7405	423 
7406	197 
7407	242 
7408	283 
7409	311 
7410	49 
7411	479 
7412	265 
7413	96 
7414	401 
7415	334 
7416	46 
7417	13 
7418	242 
7419	426 
7420	265 
7421	334 
7422	376 
7423	475 
7424	202 
7425	64 
7426	379 
7427	37 
7428	220 
7429	172 
7430	96 
7431	169 
7432	430 
7433	18 
7434	260 
7435	334 
7436	190 
7437	484 
7438	268 
7439	247 
7440	191 
7441	197 
7442	316 
7443	292 
7444	348 
7445	280 
7446	244 
7447	42 
7448	33 
7449	483 
7450	316 
7451	388 
7452	445 
7453	181 
7454	162 
7455	136 
7456	447 
7457	1 
7458	248 
7459	352 
7460	248 
7461	103 
7462	349 
7463	424 
7464	401 
7465	139 
7466	324 
7467	232 
7468	433 
7469	473 
7470	388 
7471	302 
7472	484 
7473	144 
7474	116 
7475	54 
7476	86 
7477	396 
7478	480 
7479	60 
7480	300 
7481	278 
7482	447 
7483	376 
7484	213 
7485	6 
7486	24 
7487	293 
7488	348 
7489	316 
7490	444 
7491	391 
7492	244 
7493	374 
7494	413 
7495	42 
7496	128 
7497	85 
7498	90 
7499	66 
7500	7 
7501	233 
7502	36 
7503	137 
7504	73 
7505	158 
7506	401 
7507	265 
7508	392 
7509	86 
7510	439 
7511	278 
7512	181 
7513	89 
7514	246 
7515	394 
7516	457 
7517	299 
7518	432 
7519	283 
7520	90 
7521	416 
7522	423 
7523	481 
7524	213 
7525	178 
7526	430 
7527	416 
7528	452 
7529	278 
7530	36 
7531	424 
7532	61 
7533	341 
7534	338 
7535	60 
7536	156 
7537	444 
7538	354 
7539	457 
7540	484 
7541	190 
7542	162 
7543	341 
7544	169 
7545	481 
7546	292 
7547	74 
7548	128 
7549	23 
7550	137 
7551	347 
7552	20 
7553	401 
7554	301 
7555	418 
7556	191 
7557	362 
7558	265 
7559	376 
7560	435 
7561	430 
7562	89 
7563	4 
7564	393 
7565	347 
7566	329 
7567	274 
7568	91 
7569	89 
7570	432 
7571	64 
7572	440 
7573	292 
7574	433 
7575	440 
7576	190 
7577	149 
7578	220 
7579	480 
7580	54 
7581	92 
7582	24 
7583	341 
7584	424 
7585	30 
7586	322 
7587	89 
7588	352 
7589	56 
7590	441 
7591	271 
7592	329 
7593	414 
7594	180 
7595	302 
7596	39 
7597	285 
7598	483 
7599	24 
7600	424 
7601	200 
7602	271 
7603	255 
7604	55 
7605	197 
7606	178 
7607	386 
7608	283 
7609	334 
7610	349 
7611	44 
7612	318 
7613	258 
7614	406 
7615	287 
7616	86 
7617	401 
7618	319 
7619	382 
7620	54 
7621	151 
7622	167 
7623	480 
7624	44 
7625	341 
7626	61 
7627	320 
7628	264 
7629	364 
7630	311 
7631	287 
7632	38 
7633	467 
7634	410 
7635	66 
7636	16 
7637	480 
7638	167 
7639	42 
7640	23 
7641	217 
7642	415 
7643	170 
7644	466 
7645	111 
7646	456 
7647	484 
7648	274 
7649	386 
7650	413 
7651	418 
7652	264 
7653	38 
7654	413 
7655	230 
7656	347 
7657	74 
7658	85 
7659	260 
7660	348 
7661	8 
7662	170 
7663	101 
7664	291 
7665	333 
7666	263 
7667	486 
7668	207 
7669	396 
7670	398 
7671	412 
7672	311 
7673	76 
7674	217 
7675	158 
7676	466 
7677	354 
7678	280 
7679	4 
7680	329 
7681	344 
7682	447 
7683	115 
7684	274 
7685	168 
7686	481 
7687	214 
7688	86 
7689	382 
7690	285 
7691	151 
7692	197 
7693	180 
7694	156 
7695	115 
7696	358 
7697	406 
7698	348 
7699	212 
7700	173 
7701	406 
7702	231 
7703	386 
7704	84 
7705	91 
7706	337 
7707	359 
7708	264 
7709	354 
7710	91 
7711	456 
7712	159 
7713	445 
7714	251 
7715	335 
7716	444 
7717	228 
7718	68 
7719	58 
7720	392 
7721	181 
7722	84 
7723	316 
7724	303 
7725	474 
7726	302 
7727	401 
7728	341 
7729	66 
7730	412 
7731	44 
7732	301 
7733	85 
7734	449 
7735	220 
7736	130 
7737	436 
7738	85 
7739	190 
7740	432 
7741	283 
7742	414 
7743	142 
7744	65 
7745	377 
7746	322 
7747	391 
7748	190 
7749	418 
7750	423 
7751	178 
7752	379 
7753	156 
7754	301 
7755	61 
7756	150 
7757	478 
7758	119 
7759	322 
7760	323 
7761	426 
7762	392 
7763	167 
7764	260 
7765	119 
7766	268 
7767	431 
7768	287 
7769	42 
7770	377 
7771	296 
7772	341 
7773	109 
7774	376 
7775	392 
7776	334 
7777	200 
7778	205 
7779	33 
7780	436 
7781	202 
7782	217 
7783	89 
7784	391 
7785	213 
7786	371 
7787	315 
7788	46 
7789	359 
7790	315 
7791	370 
7792	199 
7793	128 
7794	162 
7795	214 
7796	218 
7797	232 
7798	169 
7799	204 
7800	218 
7801	212 
7802	263 
7803	228 
7804	319 
7805	128 
7806	483 
7807	318 
7808	30 
7809	128 
7810	344 
7811	220 
7812	30 
7813	272 
7814	23 
7815	473 
7816	324 
7817	319 
7818	311 
7819	329 
7820	480 
7821	292 
7822	23 
7823	80 
7824	413 
7825	212 
7826	358 
7827	320 
7828	141 
7829	280 
7830	190 
7831	296 
7832	280 
7833	393 
7834	12 
7835	273 
7836	441 
7837	406 
7838	136 
7839	54 
7840	111 
7841	142 
7842	319 
7843	219 
7844	474 
7845	273 
7846	158 
7847	65 
7848	436 
7849	141 
7850	84 
7851	231 
7852	232 
7853	311 
7854	33 
7855	144 
7856	389 
7857	190 
7858	412 
7859	425 
7860	4 
7861	271 
7862	445 
7863	119 
7864	178 
7865	230 
7866	214 
7867	272 
7868	441 
7869	153 
7870	480 
7871	483 
7872	66 
7873	42 
7874	280 
7875	150 
7876	76 
7877	280 
7878	400 
7879	318 
7880	318 
7881	54 
7882	322 
7883	445 
7884	85 
7885	197 
7886	280 
7887	23 
7888	23 
7889	12 
7890	335 
7891	391 
7892	218 
7893	190 
7894	389 
7895	218 
7896	264 
7897	136 
7898	274 
7899	101 
7900	150 
7901	418 
7902	86 
7903	436 
7904	170 
7905	382 
7906	149 
7907	248 
7908	154 
7909	232 
7910	228 
7911	311 
7912	97 
7913	220 
7914	413 
7915	115 
7916	273 
7917	142 
7918	324 
7919	150 
7920	101 
7921	413 
7922	219 
7923	297 
7924	473 
7925	409 
7926	100 
7927	389 
7928	297 
7929	275 
7930	303 
7931	27 
7932	432 
7933	444 
7934	382 
7935	136 
7936	456 
7937	424 
7938	478 
7939	54 
7940	407 
7941	219 
7942	4 
7943	344 
7944	483 
7945	58 
7946	24 
7947	20 
7948	123 
7949	17 
7950	486 
7951	60 
7952	349 
7953	101 
7954	414 
7955	426 
7956	17 
7957	359 
7958	473 
7959	192 
7960	486 
7961	292 
7962	338 
7963	300 
7964	268 
7965	55 
7966	347 
7967	297 
7968	181 
7969	480 
7970	46 
7971	370 
7972	430 
7973	423 
7974	169 
7975	264 
7976	123 
7977	65 
7978	128 
7979	293 
7980	200 
7981	86 
7982	100 
7983	33 
7984	103 
7985	230 
7986	338 
7987	475 
7988	44 
7989	423 
7990	456 
7991	392 
7992	432 
7993	109 
7994	120 
7995	299 
7996	386 
7997	91 
7998	271 
7999	432 
8000	169 
8001	81 
8002	436 
8003	158 
8004	20 
8005	46 
8006	64 
8007	478 
8008	393 
8009	212 
8010	204 
8011	173 
8012	412 
8013	191 
8014	313 
8015	13 
8016	202 
8017	68 
8018	230 
8019	389 
8020	144 
8021	382 
8022	433 
8023	444 
8024	220 
8025	38 
8026	13 
8027	246 
8028	264 
8029	410 
8030	452 
8031	347 
8032	292 
8033	1 
8034	274 
8035	467 
8036	436 
8037	65 
8038	16 
8039	68 
8040	173 
8041	323 
8042	6 
8043	456 
8044	66 
8045	297 
8046	38 
8047	299 
8048	36 
8049	280 
8050	352 
8051	478 
8052	319 
8053	349 
8054	139 
8055	28 
8056	376 
8057	142 
8058	410 
8059	359 
8060	39 
8061	474 
8062	433 
8063	54 
8064	340 
8065	55 
8066	58 
8067	91 
8068	285 
8069	137 
8070	4 
8071	38 
8072	456 
8073	285 
8074	406 
8075	123 
8076	326 
8077	430 
8078	100 
8079	141 
8080	481 
8081	44 
8082	167 
8083	103 
8084	123 
8085	412 
8086	301 
8087	28 
8088	205 
8089	4 
8090	27 
8091	27 
8092	259 
8093	192 
8094	423 
8095	476 
8096	394 
8097	337 
8098	163 
8099	479 
8100	364 
8101	232 
8102	247 
8103	142 
8104	111 
8105	410 
8106	116 
8107	85 
8108	204 
8109	24 
8110	233 
8111	4 
8112	265 
8113	315 
8114	481 
8115	86 
8116	178 
8117	164 
8118	80 
8119	338 
8120	379 
8121	242 
8122	191 
8123	466 
8124	382 
8125	204 
8126	359 
8127	455 
8128	228 
8129	144 
8130	291 
8131	301 
8132	245 
8133	27 
8134	60 
8135	414 
8136	39 
8137	60 
8138	181 
8139	1 
8140	338 
8141	127 
8142	20 
8143	444 
8144	369 
8145	17 
8146	17 
8147	17 
8148	227 
8149	414 
8150	432 
8151	475 
8152	142 
8153	228 
8154	480 
8155	407 
8156	352 
8157	349 
8158	56 
8159	44 
8160	120 
8161	341 
8162	220 
8163	156 
8164	158 
8165	91 
8166	285 
8167	154 
8168	432 
8169	23 
8170	245 
8171	28 
8172	227 
8173	311 
8174	341 
8175	373 
8176	303 
8177	410 
8178	61 
8179	359 
8180	18 
8181	159 
8182	271 
8183	359 
8184	349 
8185	92 
8186	326 
8187	247 
8188	296 
8189	303 
8190	96 
8191	28 
8192	119 
8193	430 
8194	128 
8195	439 
8196	216 
8197	474 
8198	452 
8199	233 
8200	373 
8201	326 
8202	486 
8203	144 
8204	335 
8205	68 
8206	272 
8207	232 
8208	370 
8209	440 
8210	326 
8211	389 
8212	280 
8213	382 
8214	347 
8215	86 
8216	268 
8217	170 
8218	478 
8219	319 
8220	297 
8221	323 
8222	66 
8223	116 
8224	352 
8225	180 
8226	412 
8227	230 
8228	64 
8229	207 
8230	86 
8231	84 
8232	89 
8233	415 
8234	370 
8235	216 
8236	80 
8237	76 
8238	426 
8239	53 
8240	373 
8241	389 
8242	406 
8243	303 
8244	386 
8245	287 
8246	478 
8247	100 
8248	42 
8249	287 
8250	316 
8251	371 
8252	344 
8253	311 
8254	319 
8255	27 
8256	406 
8257	136 
8258	183 
8259	130 
8260	232 
8261	410 
8262	128 
8263	410 
8264	371 
8265	28 
8266	441 
8267	273 
8268	97 
8269	389 
8270	263 
8271	159 
8272	382 
8273	64 
8274	150 
8275	413 
8276	474 
8277	119 
8278	103 
8279	400 
8280	445 
8281	220 
8282	170 
8283	486 
8284	136 
8285	173 
8286	407 
8287	479 
8288	418 
8289	27 
8290	373 
8291	162 
8292	255 
8293	7 
8294	359 
8295	178 
8296	436 
8297	185 
8298	128 
8299	246 
8300	389 
8301	92 
8302	326 
8303	409 
8304	412 
8305	86 
8306	410 
8307	455 
8308	4 
8309	178 
8310	130 
8311	1 
8312	315 
8313	36 
8314	457 
8315	432 
8316	137 
8317	164 
8318	265 
8319	296 
8320	20 
8321	344 
8322	311 
8323	476 
8324	255 
8325	271 
8326	354 
8327	316 
8328	324 
8329	177 
8330	216 
8331	92 
8332	183 
8333	119 
8334	287 
8335	326 
8336	349 
8337	255 
8338	177 
8339	439 
8340	154 
8341	370 
8342	154 
8343	296 
8344	272 
8345	409 
8346	478 
8347	130 
8348	30 
8349	316 
8350	42 
8351	388 
8352	27 
8353	183 
8354	216 
8355	164 
8356	431 
8357	42 
8358	273 
8359	340 
8360	394 
8361	430 
8362	379 
8363	204 
8364	474 
8365	242 
8366	393 
8367	371 
8368	39 
8369	440 
8370	391 
8371	265 
8372	418 
8373	164 
8374	297 
8375	111 
8376	340 
8377	228 
8378	410 
8379	97 
8380	474 
8381	444 
8382	76 
8383	154 
8384	119 
8385	278 
8386	220 
8387	130 
8388	352 
8389	371 
8390	173 
8391	329 
8392	386 
8393	445 
8394	137 
8395	341 
8396	191 
8397	444 
8398	84 
8399	337 
8400	337 
8401	159 
8402	478 
8403	12 
8404	457 
8405	424 
8406	233 
8407	415 
8408	315 
8409	473 
8410	292 
8411	207 
8412	400 
8413	388 
8414	394 
8415	296 
8416	80 
8417	164 
8418	301 
8419	297 
8420	436 
8421	440 
8422	55 
8423	68 
8424	394 
8425	272 
8426	80 
8427	170 
8428	178 
8429	244 
8430	230 
8431	287 
8432	341 
8433	478 
8434	359 
8435	481 
8436	401 
8437	76 
8438	205 
8439	115 
8440	191 
8441	1 
8442	466 
8443	183 
8444	430 
8445	409 
8446	248 
8447	433 
8448	245 
8449	478 
8450	297 
8451	150 
8452	144 
8453	76 
8454	475 
8455	231 
8456	200 
8457	263 
8458	233 
8459	65 
8460	439 
8461	109 
8462	441 
8463	474 
8464	218 
8465	481 
8466	478 
8467	18 
8468	326 
8469	467 
8470	100 
8471	64 
8472	467 
8473	53 
8474	473 
8475	227 
8476	39 
8477	231 
8478	413 
8479	233 
8480	476 
8481	100 
8482	177 
8483	44 
8484	445 
8485	274 
8486	319 
8487	265 
8488	334 
8489	44 
8490	207 
8491	137 
8492	371 
8493	285 
8494	156 
8495	7 
8496	441 
8497	216 
8498	337 
8499	247 
8500	156 
8501	473 
8502	177 
8503	292 
8504	231 
8505	444 
8506	202 
8507	103 
8508	311 
8509	244 
8510	302 
8511	271 
8512	81 
8513	347 
8514	280 
8515	393 
8516	200 
8517	149 
8518	476 
8519	6 
8520	370 
8521	167 
8522	433 
8523	359 
8524	227 
8525	303 
8526	337 
8527	376 
8528	136 
8529	271 
8530	200 
8531	18 
8532	452 
8533	4 
8534	415 
8535	220 
8536	409 
8537	197 
8538	441 
8539	55 
8540	466 
8541	268 
8542	436 
8543	329 
8544	245 
8545	467 
8546	183 
8547	242 
8548	28 
8549	431 
8550	382 
8551	337 
8552	44 
8553	216 
8554	7 
8555	377 
8556	394 
8557	248 
8558	393 
8559	340 
8560	415 
8561	473 
8562	316 
8563	473 
8564	369 
8565	265 
8566	316 
8567	38 
8568	271 
8569	65 
8570	475 
8571	373 
8572	120 
8573	130 
8574	436 
8575	128 
8576	212 
8577	400 
8578	119 
8579	265 
8580	6 
8581	218 
8582	158 
8583	65 
8584	412 
8585	36 
8586	389 
8587	292 
8588	120 
8589	316 
8590	28 
8591	354 
8592	56 
8593	53 
8594	432 
8595	142 
8596	244 
8597	292 
8598	389 
8599	205 
8600	340 
8601	456 
8602	326 
8603	204 
8604	444 
8605	473 
8606	341 
8607	232 
8608	39 
8609	55 
8610	89 
8611	301 
8612	480 
8613	197 
8614	414 
8615	245 
8616	486 
8617	410 
8618	466 
8619	218 
8620	89 
8621	115 
8622	486 
8623	91 
8624	137 
8625	414 
8626	212 
8627	409 
8628	230 
8629	92 
8630	382 
8631	66 
8632	389 
8633	483 
8634	436 
8635	476 
8636	440 
8637	337 
8638	441 
8639	444 
8640	39 
8641	323 
8642	228 
8643	413 
8644	329 
8645	326 
8646	230 
8647	296 
8648	167 
8649	100 
8650	340 
8651	414 
8652	311 
8653	311 
8654	68 
8655	467 
8656	154 
8657	200 
8658	245 
8659	89 
8660	379 
8661	55 
8662	268 
8663	323 
8664	273 
8665	302 
8666	228 
8667	386 
8668	349 
8669	315 
8670	486 
8671	1 
8672	344 
8673	478 
8674	115 
8675	265 
8676	55 
8677	68 
8678	400 
8679	191 
8680	246 
8681	432 
8682	433 
8683	39 
8684	273 
8685	173 
8686	297 
8687	42 
8688	409 
8689	56 
8690	91 
8691	230 
8692	6 
8693	200 
8694	167 
8695	80 
8696	248 
8697	248 
8698	480 
8699	248 
8700	85 
8701	263 
8702	91 
8703	481 
8704	413 
8705	439 
8706	347 
8707	55 
8708	287 
8709	476 
8710	413 
8711	315 
8712	287 
8713	170 
8714	311 
8715	410 
8716	64 
8717	202 
8718	329 
8719	376 
8720	432 
8721	190 
8722	303 
8723	228 
8724	42 
8725	473 
8726	205 
8727	80 
8728	377 
8729	233 
8730	183 
8731	23 
8732	452 
8733	455 
8734	344 
8735	36 
8736	173 
8737	167 
8738	30 
8739	119 
8740	149 
8741	89 
8742	347 
8743	278 
8744	455 
8745	17 
8746	97 
8747	142 
8748	440 
8749	303 
8750	379 
8751	159 
8752	130 
8753	66 
8754	119 
8755	273 
8756	377 
8757	100 
8758	1 
8759	474 
8760	285 
8761	227 
8762	227 
8763	137 
8764	149 
8765	183 
8766	316 
8767	207 
8768	233 
8769	144 
8770	204 
8771	38 
8772	296 
8773	18 
8774	323 
8775	476 
8776	150 
8777	200 
8778	81 
8779	212 
8780	452 
8781	183 
8782	285 
8783	74 
8784	181 
8785	382 
8786	53 
8787	413 
8788	476 
8789	18 
8790	303 
8791	323 
8792	382 
8793	394 
8794	382 
8795	61 
8796	190 
8797	42 
8798	202 
8799	177 
8800	272 
8801	265 
8802	263 
8803	483 
8804	389 
8805	68 
8806	128 
8807	76 
8808	248 
8809	344 
8810	341 
8811	481 
8812	296 
8813	139 
8814	413 
8815	91 
8816	486 
8817	287 
8818	116 
8819	61 
8820	352 
8821	181 
8822	388 
8823	207 
8824	436 
8825	233 
8826	388 
8827	200 
8828	4 
8829	431 
8830	379 
8831	66 
8832	64 
8833	456 
8834	285 
8835	265 
8836	232 
8837	412 
8838	38 
8839	216 
8840	311 
8841	197 
8842	27 
8843	287 
8844	130 
8845	80 
8846	170 
8847	202 
8848	76 
8849	173 
8850	86 
8851	352 
8852	66 
8853	278 
8854	410 
8855	263 
8856	393 
8857	6 
8858	109 
8859	74 
8860	42 
8861	274 
8862	341 
8863	349 
8864	326 
8865	445 
8866	92 
8867	340 
8868	233 
8869	285 
8870	334 
8871	467 
8872	480 
8873	473 
8874	444 
8875	444 
8876	285 
8877	170 
8878	347 
8879	412 
8880	38 
8881	354 
8882	285 
8883	285 
8884	386 
8885	440 
8886	444 
8887	414 
8888	436 
8889	136 
8890	255 
8891	7 
8892	423 
8893	103 
8894	271 
8895	150 
8896	228 
8897	173 
8898	158 
8899	197 
8900	410 
8901	439 
8902	455 
8903	478 
8904	433 
8905	68 
8906	441 
8907	483 
8908	137 
8909	137 
8910	301 
8911	364 
8912	190 
8913	474 
8914	197 
8915	440 
8916	159 
8917	54 
8918	100 
8919	409 
8920	302 
8921	285 
8922	414 
8923	456 
8924	39 
8925	212 
8926	376 
8927	274 
8928	54 
8929	297 
8930	136 
8931	268 
8932	245 
8933	433 
8934	218 
8935	170 
8936	323 
8937	392 
8938	364 
8939	433 
8940	80 
8941	481 
8942	92 
8943	101 
8944	154 
8945	30 
8946	280 
8947	65 
8948	61 
8949	255 
8950	23 
8951	303 
8952	56 
8953	474 
8954	369 
8955	91 
8956	150 
8957	230 
8958	393 
8959	119 
8960	413 
8961	139 
8962	303 
8963	207 
8964	164 
8965	371 
8966	207 
8967	173 
8968	452 
8969	1 
8970	324 
8971	444 
8972	280 
8973	452 
8974	12 
8975	1 
8976	164 
8977	86 
8978	170 
8979	228 
8980	81 
8981	204 
8982	207 
8983	183 
8984	24 
8985	263 
8986	296 
8987	268 
8988	423 
8989	413 
8990	393 
8991	65 
8992	436 
8993	164 
8994	370 
8995	97 
8996	28 
8997	337 
8998	423 
8999	337 
9000	183 
9001	64 
9002	466 
9003	4 
9004	227 
9005	341 
9006	139 
9007	481 
9008	297 
9009	244 
9010	230 
9011	139 
9012	280 
9013	273 
9014	197 
9015	263 
9016	388 
9017	326 
9018	311 
9019	347 
9020	248 
9021	268 
9022	86 
9023	473 
9024	285 
9025	364 
9026	80 
9027	197 
9028	413 
9029	370 
9030	480 
9031	476 
9032	205 
9033	440 
9034	476 
9035	55 
9036	180 
9037	272 
9038	285 
9039	302 
9040	197 
9041	344 
9042	202 
9043	364 
9044	407 
9045	228 
9046	400 
9047	248 
9048	218 
9049	386 
9050	204 
9051	480 
9052	340 
9053	86 
9054	103 
9055	109 
9056	245 
9057	452 
9058	302 
9059	136 
9060	382 
9061	456 
9062	400 
9063	137 
9064	301 
9065	431 
9066	164 
9067	65 
9068	352 
9069	7 
9070	24 
9071	311 
9072	476 
9073	81 
9074	445 
9075	180 
9076	287 
9077	456 
9078	232 
9079	66 
9080	207 
9081	44 
9082	81 
9083	359 
9084	159 
9085	136 
9086	205 
9087	273 
9088	319 
9089	431 
9090	18 
9091	13 
9092	13 
9093	111 
9094	439 
9095	364 
9096	17 
9097	359 
9098	287 
9099	38 
9100	170 
9101	319 
9102	393 
9103	311 
9104	370 
9105	280 
9106	369 
9107	272 
9108	263 
9109	66 
9110	44 
9111	218 
9112	441 
9113	109 
9114	173 
9115	97 
9116	116 
9117	130 
9118	392 
9119	85 
9120	173 
9121	483 
9122	280 
9123	323 
9124	478 
9125	85 
9126	13 
9127	109 
9128	344 
9129	349 
9130	483 
9131	100 
9132	341 
9133	64 
9134	347 
9135	371 
9136	27 
9137	97 
9138	319 
9139	23 
9140	55 
9141	233 
9142	268 
9143	423 
9144	190 
9145	116 
9146	287 
9147	280 
9148	7 
9149	54 
9150	394 
9151	323 
9152	303 
9153	139 
9154	382 
9155	159 
9156	233 
9157	56 
9158	130 
9159	180 
9160	24 
9161	245 
9162	202 
9163	216 
9164	392 
9165	349 
9166	80 
9167	414 
9168	272 
9169	359 
9170	263 
9171	4 
9172	248 
9173	205 
9174	197 
9175	255 
9176	389 
9177	433 
9178	359 
9179	91 
9180	280 
9181	91 
9182	323 
9183	393 
9184	359 
9185	56 
9186	441 
9187	202 
9188	38 
9189	326 
9190	212 
9191	423 
9192	301 
9193	431 
9194	173 
9195	423 
9196	445 
9197	202 
9198	268 
9199	352 
9200	431 
9201	301 
9202	220 
9203	439 
9204	42 
9205	56 
9206	228 
9207	359 
9208	177 
9209	18 
9210	376 
9211	177 
9212	423 
9213	190 
9214	109 
9215	7 
9216	379 
9217	85 
9218	205 
9219	173 
9220	139 
9221	382 
9222	23 
9223	483 
9224	144 
9225	109 
9226	436 
9227	263 
9228	439 
9229	388 
9230	441 
9231	473 
9232	177 
9233	445 
9234	478 
9235	359 
9236	379 
9237	212 
9238	302 
9239	7 
9240	349 
9241	436 
9242	433 
9243	183 
9244	476 
9245	340 
9246	197 
9247	423 
9248	150 
9249	340 
9250	245 
9251	190 
9252	287 
9253	414 
9254	4 
9255	455 
9256	431 
9257	359 
9258	480 
9259	301 
9260	323 
9261	164 
9262	273 
9263	302 
9264	382 
9265	414 
9266	66 
9267	311 
9268	170 
9269	86 
9270	111 
9271	245 
9272	109 
9273	139 
9274	349 
9275	400 
9276	473 
9277	278 
9278	216 
9279	42 
9280	183 
9281	173 
9282	271 
9283	389 
9284	423 
9285	394 
9286	413 
9287	68 
9288	431 
9289	272 
9290	326 
9291	111 
9292	150 
9293	379 
9294	177 
9295	197 
9296	84 
9297	130 
9298	319 
9299	301 
9300	285 
9301	12 
9302	349 
9303	23 
9304	344 
9305	301 
9306	287 
9307	80 
9308	431 
9309	473 
9310	480 
9311	136 
9312	54 
9313	319 
9314	139 
9315	323 
9316	170 
9317	456 
9318	150 
9319	91 
9320	218 
9321	245 
9322	344 
9323	44 
9324	344 
9325	369 
9326	478 
9327	364 
9328	228 
9329	263 
9330	38 
9331	38 
9332	80 
9333	212 
9334	204 
9335	369 
9336	392 
9337	410 
9338	456 
9339	296 
9340	315 
9341	297 
9342	480 
9343	197 
9344	202 
9345	274 
9346	319 
9347	80 
9348	344 
9349	413 
9350	431 
9351	423 
9352	476 
9353	285 
9354	68 
9355	297 
9356	190 
9357	84 
9358	12 
9359	274 
9360	233 
9361	13 
9362	456 
9363	301 
9364	285 
9365	303 
9366	271 
9367	274 
9368	382 
9369	27 
9370	273 
9371	273 
9372	86 
9373	296 
9374	44 
9375	486 
9376	65 
9377	248 
9378	303 
9379	228 
9380	382 
9381	218 
9382	212 
9383	478 
9384	101 
9385	319 
9386	197 
9387	473 
9388	228 
9389	142 
9390	326 
9391	150 
9392	382 
9393	379 
9394	389 
9395	440 
9396	315 
9397	456 
9398	340 
9399	38 
9400	354 
9401	315 
9402	341 
9403	212 
9404	170 
9405	349 
9406	111 
9407	85 
9408	173 
9409	38 
9410	84 
9411	190 
9412	233 
9413	130 
9414	433 
9415	285 
9416	85 
9417	109 
9418	441 
9419	400 
9420	255 
9421	84 
9422	393 
9423	455 
9424	393 
9425	101 
9426	271 
9427	326 
9428	23 
9429	218 
9430	42 
9431	1 
9432	413 
9433	388 
9434	423 
9435	455 
9436	455 
9437	409 
9438	302 
9439	54 
9440	440 
9441	173 
9442	65 
9443	341 
9444	315 
9445	202 
9446	441 
9447	177 
9448	400 
9449	303 
9450	272 
9451	315 
9452	38 
9453	164 
9454	326 
9455	400 
9456	311 
9457	400 
9458	326 
9459	431 
9460	116 
9461	481 
9462	297 
9463	273 
9464	42 
9465	433 
9466	389 
9467	287 
9468	68 
9469	103 
9470	23 
9471	130 
9472	311 
9473	481 
9474	444 
9475	287 
9476	130 
9477	311 
9478	159 
9479	139 
9480	23 
9481	38 
9482	86 
9483	436 
9484	326 
9485	228 
9486	480 
9487	382 
9488	13 
9489	445 
9490	190 
9491	212 
9492	303 
9493	66 
9494	18 
9495	212 
9496	441 
9497	136 
9498	364 
9499	319 
9500	285 
9501	349 
9502	423 
9503	394 
9504	297 
9505	280 
9506	1 
9507	197 
9508	440 
9509	245 
9510	84 
9511	159 
9512	341 
9513	23 
9514	393 
9515	486 
9516	456 
9517	216 
9518	400 
9519	480 
9520	296 
9521	142 
9522	393 
9523	389 
9524	431 
9525	445 
9526	388 
9527	137 
9528	44 
9529	218 
9530	245 
9531	164 
9532	68 
9533	376 
9534	393 
9535	38 
9536	197 
9537	183 
9538	54 
9539	164 
9540	136 
9541	190 
9542	388 
9543	202 
9544	103 
9545	441 
9546	27 
9547	296 
9548	202 
9549	84 
9550	42 
9551	144 
9552	354 
9553	164 
9554	440 
9555	326 
9556	142 
9557	101 
9558	212 
9559	478 
9560	280 
9561	445 
9562	101 
9563	248 
9564	111 
9565	228 
9566	159 
9567	177 
9568	255 
9569	393 
9570	369 
9571	44 
9572	27 
9573	478 
9574	142 
9575	103 
9576	347 
9577	12 
9578	68 
9579	400 
9580	326 
9581	248 
9582	273 
9583	1 
9584	414 
9585	394 
9586	311 
9587	38 
9588	349 
9589	297 
9590	388 
9591	272 
9592	190 
9593	388 
9594	319 
9595	233 
9596	354 
9597	326 
9598	273 
9599	44 
9600	326 
9601	101 
9602	38 
9603	311 
9604	18 
9605	101 
9606	319 
9607	445 
9608	436 
9609	473 
9610	12 
9611	486 
9612	280 
9613	80 
9614	164 
9615	436 
9616	349 
9617	473 
9618	136 
9619	86 
9620	137 
9621	301 
9622	159 
9623	128 
9624	233 
9625	136 
9626	436 
9627	197 
9628	173 
9629	111 
9630	80 
9631	18 
9632	273 
9633	12 
9634	137 
9635	18 
9636	359 
9637	164 
9638	486 
9639	27 
9640	173 
9641	103 
9642	233 
9643	382 
9644	478 
9645	287 
9646	164 
9647	349 
9648	301 
9649	202 
9650	376 
9651	137 
9652	389 
9653	433 
9654	478 
9655	255 
9656	303 
9657	274 
9658	347 
9659	280 
9660	1 
9661	311 
9662	204 
9663	212 
9664	86 
9665	389 
9666	255 
9667	116 
9668	274 
9669	433 
9670	382 
9671	382 
9672	414 
9673	12 
9674	142 
9675	280 
9676	27 
9677	341 
9678	80 
9679	354 
9680	271 
9681	80 
9682	311 
9683	319 
9684	142 
9685	137 
9686	354 
9687	1 
9688	280 
9689	393 
9690	190 
9691	18 
9692	204 
9693	303 
9694	103 
9695	456 
9696	137 
9697	382 
9698	228 
9699	80 
9700	190 
9701	436 
9702	103 
9703	354 
9704	271 
9705	103 
9706	280 
9707	68 
9708	197 
9709	85 
9710	436 
9711	111 
9712	481 
9713	349 
9714	12 
9715	376 
9716	101 
9717	423 
9718	376 
9719	44 
9720	13 
9721	271 
9722	44 
9723	274 
9724	197 
9725	274 
9726	285 
9727	136 
9728	1 
9729	393 
9730	274 
9731	344 
9732	393 
9733	177 
9734	197 
9735	303 
9736	68 
9737	273 
9738	301 
9739	382 
9740	233 
9741	400 
9742	393 
9743	456 
9744	341 
9745	136 
9746	382 
9747	103 
9748	414 
9749	486 
9750	473 
9751	233 
9752	347 
9753	111 
9754	202 
9755	12 
9756	86 
9757	359 
9758	349 
9759	280 
9760	173 
9761	344 
9762	376 
9763	400 
9764	285 
9765	233 
9766	354 
9767	190 
9768	204 
9769	481 
9770	280 
9771	326 
9772	202 
9773	303 
9774	85 
9775	103 
9776	272 
9777	183 
9778	1 
9779	44 
9780	103 
9781	1 
9782	347 
9783	164 
9784	441 
9785	103 
9786	400 
9787	271 
9788	389 
9789	319 
9790	441 
9791	326 
9792	344 
9793	326 
9794	303 
9795	1 
9796	159 
9797	349 
9798	444 
9799	177 
9800	344 
9801	271 
9802	441 
9803	12 
9804	271 
9805	440 
9806	103 
9807	359 
9808	376 
9809	456 
9810	400 
9811	441 
9812	287 
9813	344 
9814	173 
9815	272 
9816	85 
9817	326 
9818	68 
9819	68 
9820	280 
9821	436 
9822	177 
9823	85 
9824	85 
9825	303 
9826	481 
9827	205 
9828	400 
9829	212 
9830	400 
9831	473 
9832	80 
9833	280 
9834	183 
9835	303 
9836	478 
9837	248 
9838	248 
9839	344 
9840	204 
9841	441 
9842	248 
9843	478 
9844	341 
9845	376 
9846	393 
9847	413 
9848	400 
9849	159 
9850	173 
9851	85 
9852	456 
9853	319 
9854	204 
9855	205 
9856	382 
9857	204 
9858	80 
9859	478 
9860	86 
9861	85 
9862	228 
9863	413 
9864	486 
9865	173 
9866	413 
9867	344 
9868	400 
9869	285 
9870	473 
9871	68 
9872	440 
9873	296 
9874	311 
9875	212 
9876	326 
9877	287 
9878	436 
9879	349 
9880	228 
9881	159 
9882	296 
9883	393 
9884	280 
9885	85 
9886	287 
9887	183 
9888	393 
9889	431 
9890	341 
9891	456 
9892	376 
9893	311 
9894	473 
9895	319 
9896	478 
9897	280 
9898	326 
9899	248 
9900	212 
9901	296 
9902	441 
9903	441 
9904	177 
9905	486 
9906	212 
9907	400 
9908	212 
9909	86 
9910	287 
9911	341 
9912	68 
9913	349 
9914	359 
9915	326 
9916	164 
9917	280 
9918	280 
9919	204 
9920	326 
9921	273 
9922	326 
9923	341 
9924	431 
9925	68 
9926	280 
9927	205 
9928	486 
9929	183 
9930	349 
9931	68 
9932	205 
9933	86 
9934	272 
9935	486 
9936	228 
9937	359 
9938	344 
9939	341 
9940	273 
9941	68 
9942	183 
9943	228 
9944	311 
9945	204 
9946	349 
9947	486 
9948	80 
9949	164 
9950	400 
9951	1 
9952	205 
9953	271 
9954	359 
9955	344 
9956	159 
9957	228 
9958	478 
9959	272 
9960	228 
9961	68 
9962	205 
9963	441 
9964	212 
9965	204 
9966	272 
9967	486 
9968	359 
9969	204 
9970	86 
9971	280 
9972	486 
9973	68 
9974	376 
9975	486 
9976	204 
9977	183 
9978	341 
9979	441 
9980	183 
9981	311 
9982	86 
9983	204 
9984	272 
9985	359 
9986	382 
9987	228 
9988	159 
9989	311 
9990	183 
9991	271 
9992	197 
9993	326 
9994	311 
9995	1 
9996	287 
9997	382 
9998	271 
9999	456 
10000	359 
