1	428 
2	226 
3	128 
4	24 
5	282 
6	150 
7	335 
8	371 
9	322 
10	151 
11	199 
12	178 
13	103 
14	305 
15	338 
16	16 
17	17 
18	150 
19	29 
20	1 
21	112 
22	216 
23	245 
24	206 
25	249 
26	49 
27	423 
28	137 
29	128 
30	91 
31	8 
32	104 
33	217 
34	433 
35	179 
36	156 
37	258 
38	413 
39	8 
40	127 
41	380 
42	210 
43	401 
44	73 
45	384 
46	370 
47	218 
48	363 
49	389 
50	100 
51	162 
52	43 
53	94 
54	228 
55	272 
56	132 
57	146 
58	431 
59	212 
60	286 
61	42 
62	136 
63	207 
64	178 
65	260 
66	118 
67	61 
68	317 
69	145 
70	424 
71	411 
72	4 
73	221 
74	88 
75	238 
76	293 
77	239 
78	24 
79	394 
80	131 
81	89 
82	12 
83	230 
84	51 
85	53 
86	361 
87	247 
88	136 
89	218 
90	1 
91	116 
92	165 
93	221 
94	27 
95	308 
96	204 
97	381 
98	209 
99	244 
100	311 
101	389 
102	66 
103	112 
104	175 
105	345 
106	200 
107	38 
108	181 
109	103 
110	217 
111	137 
112	184 
113	222 
114	126 
115	169 
116	178 
117	104 
118	14 
119	102 
120	100 
121	286 
122	233 
123	76 
124	176 
125	272 
126	51 
127	104 
128	305 
129	127 
130	388 
131	94 
132	357 
133	186 
134	61 
135	88 
136	89 
137	248 
138	160 
139	237 
140	237 
141	391 
142	23 
143	143 
144	341 
145	205 
146	434 
147	286 
148	249 
149	154 
150	35 
151	13 
152	392 
153	277 
154	217 
155	422 
156	2 
157	225 
158	334 
159	232 
160	16 
161	46 
162	131 
163	325 
164	437 
165	227 
166	142 
167	235 
168	183 
169	370 
170	206 
171	341 
172	237 
173	290 
174	369 
175	345 
176	323 
177	426 
178	1 
179	73 
180	277 
181	284 
182	327 
183	353 
184	252 
185	116 
186	315 
187	397 
188	153 
189	387 
190	393 
191	398 
192	261 
193	269 
194	389 
195	304 
196	402 
197	54 
198	206 
199	396 
200	281 
201	236 
202	298 
203	245 
204	203 
205	286 
206	394 
207	160 
208	102 
209	417 
210	265 
211	177 
212	423 
213	25 
214	315 
215	380 
216	273 
217	186 
218	259 
219	94 
220	357 
221	172 
222	79 
223	263 
224	287 
225	378 
226	253 
227	23 
228	233 
229	88 
230	240 
231	66 
232	158 
233	232 
234	213 
235	292 
236	433 
237	169 
238	281 
239	421 
240	93 
241	258 
242	135 
243	243 
244	101 
245	81 
246	192 
247	142 
248	7 
249	173 
250	388 
251	39 
252	373 
253	53 
254	260 
255	243 
256	374 
257	402 
258	265 
259	172 
260	85 
261	300 
262	104 
263	339 
264	155 
265	217 
266	74 
267	163 
268	189 
269	417 
270	432 
271	204 
272	263 
273	298 
274	86 
275	147 
276	287 
277	246 
278	436 
279	203 
280	159 
281	14 
282	383 
283	279 
284	89 
285	8 
286	285 
287	298 
288	128 
289	362 
290	115 
291	209 
292	90 
293	9 
294	399 
295	328 
296	336 
297	347 
298	207 
299	116 
300	402 
301	161 
302	156 
303	323 
304	381 
305	404 
306	334 
307	53 
308	4 
309	172 
310	62 
311	438 
312	297 
313	156 
314	394 
315	300 
316	38 
317	255 
318	377 
319	135 
320	382 
321	245 
322	216 
323	437 
324	277 
325	392 
326	173 
327	203 
328	227 
329	196 
330	370 
331	398 
332	5 
333	278 
334	92 
335	379 
336	408 
337	281 
338	396 
339	199 
340	200 
341	302 
342	382 
343	271 
344	13 
345	430 
346	280 
347	426 
348	124 
349	227 
350	192 
351	383 
352	226 
353	255 
354	274 
355	282 
356	428 
357	122 
358	373 
359	418 
360	169 
361	187 
362	167 
363	5 
364	130 
365	349 
366	104 
367	358 
368	374 
369	171 
370	272 
371	202 
372	45 
373	244 
374	160 
375	234 
376	225 
377	286 
378	272 
379	32 
380	59 
381	304 
382	360 
383	83 
384	36 
385	416 
386	342 
387	309 
388	48 
389	173 
390	66 
391	246 
392	245 
393	44 
394	38 
395	108 
396	98 
397	296 
398	279 
399	251 
400	211 
401	428 
402	428 
403	347 
404	71 
405	351 
406	69 
407	205 
408	83 
409	72 
410	280 
411	84 
412	139 
413	310 
414	63 
415	387 
416	335 
417	109 
418	294 
419	299 
420	68 
421	416 
422	71 
423	315 
424	333 
425	69 
426	52 
427	301 
428	335 
429	138 
430	31 
431	364 
432	180 
433	244 
434	138 
435	216 
436	283 
437	80 
438	285 
439	13 
440	376 
441	311 
442	235 
443	244 
444	83 
445	318 
446	15 
447	109 
448	65 
449	58 
450	149 
451	397 
452	337 
453	259 
454	127 
455	59 
456	26 
457	29 
458	186 
459	222 
460	174 
461	205 
462	193 
463	236 
464	173 
465	332 
466	436 
467	278 
468	117 
469	332 
470	338 
471	240 
472	295 
473	244 
474	24 
475	46 
476	77 
477	121 
478	348 
479	8 
480	175 
481	123 
482	208 
483	251 
484	379 
485	351 
486	84 
487	40 
488	70 
489	336 
490	172 
491	313 
492	154 
493	211 
494	194 
495	160 
496	331 
497	314 
498	25 
499	284 
500	46 
501	93 
502	56 
503	333 
504	16 
505	248 
506	164 
507	284 
508	368 
509	36 
510	355 
511	31 
512	108 
513	352 
514	439 
515	403 
516	37 
517	280 
518	286 
519	429 
520	66 
521	250 
522	379 
523	306 
524	423 
525	393 
526	199 
527	11 
528	131 
529	228 
530	256 
531	51 
532	132 
533	21 
534	265 
535	335 
536	74 
537	171 
538	54 
539	333 
540	65 
541	240 
542	5 
543	392 
544	49 
545	45 
546	164 
547	292 
548	80 
549	347 
550	137 
551	409 
552	301 
553	348 
554	123 
555	296 
556	358 
557	64 
558	364 
559	205 
560	92 
561	430 
562	402 
563	321 
564	167 
565	97 
566	413 
567	178 
568	368 
569	282 
570	412 
571	230 
572	361 
573	180 
574	202 
575	89 
576	426 
577	413 
578	248 
579	255 
580	88 
581	230 
582	56 
583	375 
584	276 
585	275 
586	353 
587	294 
588	405 
589	84 
590	132 
591	52 
592	199 
593	80 
594	285 
595	141 
596	281 
597	154 
598	392 
599	287 
600	128 
601	360 
602	187 
603	58 
604	337 
605	383 
606	221 
607	193 
608	49 
609	331 
610	275 
611	142 
612	150 
613	327 
614	383 
615	314 
616	88 
617	18 
618	276 
619	68 
620	127 
621	65 
622	410 
623	64 
624	175 
625	144 
626	330 
627	279 
628	196 
629	135 
630	45 
631	153 
632	80 
633	102 
634	302 
635	58 
636	46 
637	385 
638	124 
639	375 
640	69 
641	54 
642	29 
643	243 
644	152 
645	420 
646	355 
647	312 
648	180 
649	323 
650	60 
651	174 
652	176 
653	310 
654	179 
655	9 
656	263 
657	227 
658	91 
659	104 
660	28 
661	115 
662	228 
663	150 
664	422 
665	198 
666	136 
667	81 
668	142 
669	265 
670	322 
671	312 
672	47 
673	385 
674	100 
675	175 
676	7 
677	353 
678	303 
679	369 
680	15 
681	394 
682	408 
683	101 
684	345 
685	42 
686	281 
687	293 
688	176 
689	425 
690	368 
691	40 
692	238 
693	27 
694	313 
695	365 
696	220 
697	288 
698	322 
699	9 
700	152 
701	197 
702	407 
703	228 
704	397 
705	227 
706	360 
707	298 
708	400 
709	182 
710	84 
711	114 
712	382 
713	68 
714	278 
715	35 
716	379 
717	77 
718	4 
719	410 
720	84 
721	382 
722	365 
723	170 
724	337 
725	367 
726	141 
727	358 
728	416 
729	427 
730	74 
731	280 
732	1 
733	295 
734	132 
735	114 
736	308 
737	42 
738	317 
739	219 
740	57 
741	401 
742	85 
743	122 
744	388 
745	427 
746	28 
747	22 
748	122 
749	180 
750	357 
751	320 
752	340 
753	281 
754	54 
755	177 
756	222 
757	342 
758	36 
759	325 
760	428 
761	152 
762	262 
763	273 
764	14 
765	377 
766	354 
767	214 
768	33 
769	407 
770	43 
771	360 
772	267 
773	373 
774	303 
775	299 
776	118 
777	355 
778	190 
779	120 
780	95 
781	411 
782	160 
783	419 
784	419 
785	115 
786	46 
787	57 
788	121 
789	244 
790	440 
791	216 
792	59 
793	227 
794	101 
795	373 
796	379 
797	55 
798	360 
799	119 
800	439 
801	15 
802	207 
803	137 
804	92 
805	99 
806	244 
807	271 
808	422 
809	50 
810	328 
811	358 
812	347 
813	340 
814	321 
815	78 
816	240 
817	358 
818	407 
819	258 
820	424 
821	356 
822	138 
823	116 
824	28 
825	76 
826	203 
827	134 
828	415 
829	431 
830	108 
831	52 
832	248 
833	361 
834	69 
835	290 
836	386 
837	227 
838	271 
839	61 
840	291 
841	185 
842	161 
843	223 
844	416 
845	381 
846	345 
847	322 
848	377 
849	339 
850	351 
851	423 
852	216 
853	209 
854	199 
855	92 
856	231 
857	63 
858	387 
859	176 
860	284 
861	437 
862	252 
863	57 
864	138 
865	327 
866	92 
867	320 
868	297 
869	31 
870	128 
871	416 
872	18 
873	200 
874	307 
875	175 
876	370 
877	194 
878	321 
879	203 
880	126 
881	139 
882	168 
883	96 
884	33 
885	249 
886	384 
887	307 
888	234 
889	277 
890	36 
891	305 
892	249 
893	341 
894	139 
895	6 
896	398 
897	186 
898	186 
899	386 
900	334 
901	272 
902	237 
903	321 
904	416 
905	84 
906	273 
907	338 
908	144 
909	437 
910	214 
911	312 
912	113 
913	377 
914	75 
915	49 
916	111 
917	135 
918	100 
919	102 
920	396 
921	112 
922	242 
923	326 
924	78 
925	281 
926	335 
927	148 
928	73 
929	306 
930	100 
931	10 
932	284 
933	261 
934	294 
935	190 
936	186 
937	163 
938	420 
939	336 
940	25 
941	284 
942	158 
943	67 
944	123 
945	413 
946	355 
947	262 
948	191 
949	418 
950	226 
951	168 
952	355 
953	312 
954	92 
955	213 
956	152 
957	433 
958	153 
959	35 
960	389 
961	164 
962	249 
963	337 
964	384 
965	10 
966	157 
967	60 
968	63 
969	48 
970	328 
971	408 
972	176 
973	127 
974	85 
975	24 
976	368 
977	329 
978	212 
979	234 
980	283 
981	160 
982	328 
983	285 
984	355 
985	74 
986	251 
987	354 
988	163 
989	84 
990	50 
991	309 
992	207 
993	333 
994	82 
995	299 
996	184 
997	351 
998	100 
999	360 
1000	168 
1001	392 
1002	274 
1003	365 
1004	72 
1005	267 
1006	72 
1007	37 
1008	375 
1009	187 
1010	79 
1011	249 
1012	36 
1013	223 
1014	115 
1015	253 
1016	153 
1017	344 
1018	246 
1019	210 
1020	50 
1021	6 
1022	374 
1023	42 
1024	188 
1025	257 
1026	357 
1027	24 
1028	334 
1029	385 
1030	307 
1031	351 
1032	422 
1033	155 
1034	368 
1035	210 
1036	146 
1037	62 
1038	306 
1039	16 
1040	398 
1041	429 
1042	302 
1043	35 
1044	234 
1045	54 
1046	377 
1047	406 
1048	335 
1049	435 
1050	267 
1051	43 
1052	111 
1053	372 
1054	428 
1055	396 
1056	420 
1057	184 
1058	272 
1059	289 
1060	33 
1061	122 
1062	283 
1063	418 
1064	396 
1065	356 
1066	33 
1067	414 
1068	264 
1069	173 
1070	268 
1071	398 
1072	327 
1073	424 
1074	71 
1075	432 
1076	391 
1077	303 
1078	294 
1079	172 
1080	184 
1081	412 
1082	47 
1083	71 
1084	275 
1085	47 
1086	381 
1087	190 
1088	95 
1089	419 
1090	334 
1091	65 
1092	329 
1093	292 
1094	226 
1095	96 
1096	32 
1097	132 
1098	407 
1099	258 
1100	44 
1101	278 
1102	438 
1103	284 
1104	208 
1105	60 
1106	210 
1107	164 
1108	184 
1109	225 
1110	376 
1111	174 
1112	336 
1113	289 
1114	433 
1115	249 
1116	225 
1117	96 
1118	330 
1119	154 
1120	138 
1121	236 
1122	120 
1123	269 
1124	195 
1125	233 
1126	208 
1127	250 
1128	318 
1129	299 
1130	2 
1131	69 
1132	94 
1133	7 
1134	328 
1135	40 
1136	96 
1137	8 
1138	77 
1139	382 
1140	294 
1141	61 
1142	49 
1143	118 
1144	344 
1145	163 
1146	296 
1147	223 
1148	316 
1149	140 
1150	76 
1151	366 
1152	9 
1153	120 
1154	383 
1155	362 
1156	190 
1157	214 
1158	224 
1159	206 
1160	111 
1161	38 
1162	210 
1163	136 
1164	3 
1165	109 
1166	423 
1167	21 
1168	36 
1169	43 
1170	256 
1171	86 
1172	234 
1173	183 
1174	161 
1175	420 
1176	244 
1177	360 
1178	435 
1179	235 
1180	70 
1181	362 
1182	75 
1183	392 
1184	73 
1185	421 
1186	26 
1187	275 
1188	380 
1189	114 
1190	315 
1191	439 
1192	153 
1193	66 
1194	350 
1195	148 
1196	32 
1197	119 
1198	243 
1199	294 
1200	41 
1201	268 
1202	219 
1203	277 
1204	280 
1205	57 
1206	232 
1207	198 
1208	369 
1209	113 
1210	148 
1211	221 
1212	87 
1213	97 
1214	240 
1215	62 
1216	244 
1217	25 
1218	23 
1219	6 
1220	31 
1221	374 
1222	165 
1223	68 
1224	169 
1225	401 
1226	428 
1227	223 
1228	275 
1229	331 
1230	317 
1231	78 
1232	145 
1233	360 
1234	96 
1235	278 
1236	296 
1237	27 
1238	396 
1239	411 
1240	206 
1241	65 
1242	395 
1243	218 
1244	384 
1245	404 
1246	254 
1247	382 
1248	308 
1249	320 
1250	52 
1251	270 
1252	383 
1253	239 
1254	256 
1255	417 
1256	151 
1257	58 
1258	250 
1259	98 
1260	225 
1261	108 
1262	151 
1263	388 
1264	359 
1265	30 
1266	282 
1267	202 
1268	432 
1269	44 
1270	3 
1271	69 
1272	309 
1273	74 
1274	290 
1275	439 
1276	381 
1277	114 
1278	144 
1279	265 
1280	185 
1281	44 
1282	18 
1283	417 
1284	199 
1285	8 
1286	212 
1287	39 
1288	440 
1289	224 
1290	46 
1291	304 
1292	431 
1293	239 
1294	412 
1295	389 
1296	101 
1297	16 
1298	321 
1299	140 
1300	1 
1301	66 
1302	39 
1303	260 
1304	419 
1305	237 
1306	73 
1307	180 
1308	157 
1309	74 
1310	178 
1311	143 
1312	1 
1313	62 
1314	151 
1315	434 
1316	258 
1317	211 
1318	388 
1319	320 
1320	156 
1321	435 
1322	432 
1323	22 
1324	220 
1325	376 
1326	212 
1327	222 
1328	113 
1329	41 
1330	54 
1331	80 
1332	290 
1333	135 
1334	282 
1335	143 
1336	362 
1337	158 
1338	331 
1339	242 
1340	124 
1341	33 
1342	366 
1343	282 
1344	115 
1345	354 
1346	110 
1347	312 
1348	375 
1349	259 
1350	228 
1351	289 
1352	287 
1353	86 
1354	6 
1355	313 
1356	372 
1357	19 
1358	148 
1359	373 
1360	139 
1361	29 
1362	85 
1363	238 
1364	239 
1365	10 
1366	260 
1367	318 
1368	155 
1369	16 
1370	281 
1371	415 
1372	244 
1373	35 
1374	342 
1375	181 
1376	349 
1377	435 
1378	294 
1379	254 
1380	159 
1381	264 
1382	248 
1383	51 
1384	142 
1385	285 
1386	87 
1387	103 
1388	279 
1389	241 
1390	54 
1391	310 
1392	117 
1393	87 
1394	350 
1395	432 
1396	122 
1397	284 
1398	274 
1399	337 
1400	9 
1401	148 
1402	10 
1403	182 
1404	322 
1405	318 
1406	373 
1407	171 
1408	195 
1409	179 
1410	145 
1411	267 
1412	53 
1413	52 
1414	30 
1415	348 
1416	325 
1417	257 
1418	412 
1419	1 
1420	75 
1421	75 
1422	121 
1423	182 
1424	58 
1425	314 
1426	305 
1427	85 
1428	226 
1429	277 
1430	10 
1431	348 
1432	120 
1433	290 
1434	177 
1435	375 
1436	9 
1437	122 
1438	8 
1439	81 
1440	8 
1441	294 
1442	172 
1443	105 
1444	365 
1445	37 
1446	352 
1447	348 
1448	310 
1449	70 
1450	277 
1451	61 
1452	438 
1453	32 
1454	374 
1455	117 
1456	313 
1457	89 
1458	428 
1459	230 
1460	404 
1461	325 
1462	291 
1463	19 
1464	232 
1465	65 
1466	298 
1467	176 
1468	294 
1469	318 
1470	139 
1471	439 
1472	104 
1473	290 
1474	53 
1475	202 
1476	41 
1477	169 
1478	394 
1479	437 
1480	209 
1481	218 
1482	125 
1483	67 
1484	219 
1485	1 
1486	165 
1487	190 
1488	171 
1489	197 
1490	303 
1491	127 
1492	56 
1493	26 
1494	291 
1495	157 
1496	427 
1497	31 
1498	435 
1499	328 
1500	67 
1501	31 
1502	254 
1503	312 
1504	258 
1505	125 
1506	25 
1507	9 
1508	275 
1509	200 
1510	128 
1511	367 
1512	11 
1513	428 
1514	315 
1515	338 
1516	52 
1517	429 
1518	74 
1519	405 
1520	420 
1521	69 
1522	376 
1523	26 
1524	179 
1525	421 
1526	424 
1527	206 
1528	327 
1529	4 
1530	288 
1531	379 
1532	140 
1533	389 
1534	348 
1535	419 
1536	5 
1537	399 
1538	260 
1539	49 
1540	58 
1541	421 
1542	224 
1543	42 
1544	176 
1545	93 
1546	344 
1547	114 
1548	15 
1549	286 
1550	17 
1551	419 
1552	46 
1553	97 
1554	382 
1555	67 
1556	170 
1557	287 
1558	4 
1559	243 
1560	380 
1561	340 
1562	356 
1563	431 
1564	283 
1565	406 
1566	161 
1567	352 
1568	186 
1569	75 
1570	101 
1571	314 
1572	143 
1573	438 
1574	178 
1575	227 
1576	58 
1577	361 
1578	418 
1579	69 
1580	126 
1581	370 
1582	137 
1583	196 
1584	89 
1585	46 
1586	115 
1587	272 
1588	337 
1589	164 
1590	262 
1591	89 
1592	26 
1593	418 
1594	65 
1595	408 
1596	201 
1597	414 
1598	314 
1599	264 
1600	115 
1601	118 
1602	106 
1603	314 
1604	201 
1605	88 
1606	94 
1607	329 
1608	386 
1609	263 
1610	10 
1611	197 
1612	65 
1613	239 
1614	405 
1615	205 
1616	372 
1617	424 
1618	110 
1619	28 
1620	253 
1621	240 
1622	245 
1623	424 
1624	91 
1625	340 
1626	422 
1627	140 
1628	360 
1629	147 
1630	436 
1631	148 
1632	403 
1633	410 
1634	192 
1635	41 
1636	177 
1637	423 
1638	373 
1639	134 
1640	58 
1641	42 
1642	50 
1643	228 
1644	121 
1645	414 
1646	174 
1647	230 
1648	139 
1649	84 
1650	343 
1651	40 
1652	201 
1653	157 
1654	82 
1655	366 
1656	400 
1657	357 
1658	303 
1659	241 
1660	237 
1661	304 
1662	282 
1663	433 
1664	184 
1665	269 
1666	24 
1667	289 
1668	4 
1669	388 
1670	11 
1671	265 
1672	209 
1673	5 
1674	47 
1675	206 
1676	200 
1677	269 
1678	18 
1679	435 
1680	229 
1681	162 
1682	258 
1683	16 
1684	349 
1685	150 
1686	291 
1687	132 
1688	90 
1689	287 
1690	311 
1691	217 
1692	185 
1693	175 
1694	114 
1695	226 
1696	52 
1697	422 
1698	420 
1699	82 
1700	125 
1701	28 
1702	5 
1703	370 
1704	121 
1705	203 
1706	118 
1707	76 
1708	137 
1709	16 
1710	320 
1711	359 
1712	182 
1713	230 
1714	200 
1715	237 
1716	306 
1717	304 
1718	278 
1719	346 
1720	308 
1721	290 
1722	427 
1723	236 
1724	193 
1725	309 
1726	98 
1727	57 
1728	339 
1729	406 
1730	269 
1731	194 
1732	254 
1733	165 
1734	131 
1735	308 
1736	246 
1737	291 
1738	130 
1739	252 
1740	52 
1741	214 
1742	218 
1743	25 
1744	346 
1745	394 
1746	201 
1747	243 
1748	214 
1749	198 
1750	415 
1751	32 
1752	248 
1753	149 
1754	248 
1755	340 
1756	379 
1757	136 
1758	302 
1759	158 
1760	28 
1761	137 
1762	13 
1763	189 
1764	158 
1765	340 
1766	76 
1767	355 
1768	346 
1769	37 
1770	244 
1771	162 
1772	88 
1773	429 
1774	195 
1775	229 
1776	353 
1777	309 
1778	18 
1779	316 
1780	395 
1781	293 
1782	272 
1783	124 
1784	292 
1785	226 
1786	258 
1787	264 
1788	75 
1789	104 
1790	412 
1791	225 
1792	112 
1793	361 
1794	58 
1795	258 
1796	57 
1797	144 
1798	387 
1799	231 
1800	45 
1801	168 
1802	217 
1803	337 
1804	88 
1805	388 
1806	353 
1807	393 
1808	300 
1809	42 
1810	3 
1811	15 
1812	257 
1813	106 
1814	187 
1815	344 
1816	211 
1817	161 
1818	332 
1819	78 
1820	406 
1821	22 
1822	339 
1823	208 
1824	304 
1825	87 
1826	98 
1827	347 
1828	117 
1829	265 
1830	381 
1831	287 
1832	347 
1833	169 
1834	114 
1835	375 
1836	320 
1837	189 
1838	283 
1839	328 
1840	125 
1841	254 
1842	200 
1843	181 
1844	181 
1845	238 
1846	142 
1847	187 
1848	434 
1849	335 
1850	163 
1851	438 
1852	29 
1853	205 
1854	235 
1855	86 
1856	61 
1857	349 
1858	151 
1859	60 
1860	190 
1861	191 
1862	173 
1863	231 
1864	239 
1865	116 
1866	121 
1867	205 
1868	177 
1869	70 
1870	232 
1871	156 
1872	71 
1873	123 
1874	6 
1875	414 
1876	287 
1877	118 
1878	246 
1879	227 
1880	269 
1881	361 
1882	240 
1883	91 
1884	332 
1885	9 
1886	43 
1887	7 
1888	298 
1889	432 
1890	329 
1891	167 
1892	302 
1893	101 
1894	315 
1895	150 
1896	158 
1897	415 
1898	169 
1899	176 
1900	270 
1901	404 
1902	64 
1903	223 
1904	81 
1905	109 
1906	48 
1907	156 
1908	324 
1909	278 
1910	3 
1911	19 
1912	323 
1913	167 
1914	30 
1915	110 
1916	216 
1917	400 
1918	131 
1919	414 
1920	272 
1921	201 
1922	2 
1923	82 
1924	99 
1925	407 
1926	33 
1927	349 
1928	373 
1929	401 
1930	224 
1931	381 
1932	125 
1933	437 
1934	150 
1935	201 
1936	131 
1937	144 
1938	102 
1939	41 
1940	208 
1941	234 
1942	33 
1943	280 
1944	254 
1945	59 
1946	438 
1947	344 
1948	148 
1949	363 
1950	282 
1951	70 
1952	39 
1953	145 
1954	10 
1955	128 
1956	380 
1957	136 
1958	6 
1959	169 
1960	12 
1961	61 
1962	24 
1963	436 
1964	70 
1965	113 
1966	277 
1967	61 
1968	140 
1969	315 
1970	210 
1971	259 
1972	384 
1973	31 
1974	317 
1975	90 
1976	307 
1977	214 
1978	339 
1979	56 
1980	296 
1981	34 
1982	348 
1983	356 
1984	439 
1985	159 
1986	126 
1987	321 
1988	366 
1989	90 
1990	381 
1991	228 
1992	307 
1993	102 
1994	275 
1995	148 
1996	431 
1997	60 
1998	251 
1999	109 
2000	405 
2001	147 
2002	301 
2003	273 
2004	216 
2005	387 
2006	97 
2007	67 
2008	327 
2009	61 
2010	120 
2011	219 
2012	294 
2013	186 
2014	112 
2015	390 
2016	320 
2017	341 
2018	238 
2019	108 
2020	140 
2021	153 
2022	135 
2023	390 
2024	60 
2025	83 
2026	77 
2027	280 
2028	257 
2029	155 
2030	353 
2031	309 
2032	129 
2033	254 
2034	208 
2035	81 
2036	214 
2037	393 
2038	400 
2039	4 
2040	13 
2041	325 
2042	81 
2043	296 
2044	353 
2045	242 
2046	33 
2047	101 
2048	150 
2049	427 
2050	160 
2051	211 
2052	180 
2053	292 
2054	306 
2055	214 
2056	83 
2057	35 
2058	415 
2059	116 
2060	440 
2061	266 
2062	328 
2063	264 
2064	312 
2065	433 
2066	300 
2067	97 
2068	74 
2069	39 
2070	392 
2071	424 
2072	263 
2073	46 
2074	160 
2075	239 
2076	52 
2077	356 
2078	326 
2079	355 
2080	281 
2081	307 
2082	63 
2083	173 
2084	295 
2085	89 
2086	56 
2087	110 
2088	163 
2089	300 
2090	320 
2091	374 
2092	216 
2093	63 
2094	5 
2095	261 
2096	315 
2097	122 
2098	126 
2099	7 
2100	345 
2101	109 
2102	151 
2103	330 
2104	261 
2105	359 
2106	297 
2107	47 
2108	380 
2109	76 
2110	364 
2111	425 
2112	122 
2113	98 
2114	27 
2115	109 
2116	230 
2117	9 
2118	67 
2119	5 
2120	33 
2121	186 
2122	159 
2123	414 
2124	300 
2125	266 
2126	4 
2127	232 
2128	222 
2129	314 
2130	257 
2131	439 
2132	110 
2133	143 
2134	211 
2135	371 
2136	291 
2137	253 
2138	325 
2139	411 
2140	282 
2141	159 
2142	254 
2143	152 
2144	312 
2145	415 
2146	340 
2147	200 
2148	49 
2149	207 
2150	215 
2151	98 
2152	155 
2153	403 
2154	126 
2155	390 
2156	389 
2157	162 
2158	404 
2159	57 
2160	188 
2161	172 
2162	356 
2163	152 
2164	368 
2165	321 
2166	369 
2167	81 
2168	40 
2169	34 
2170	402 
2171	49 
2172	255 
2173	64 
2174	232 
2175	159 
2176	55 
2177	204 
2178	210 
2179	84 
2180	419 
2181	152 
2182	300 
2183	313 
2184	51 
2185	250 
2186	432 
2187	214 
2188	106 
2189	91 
2190	259 
2191	31 
2192	414 
2193	204 
2194	269 
2195	240 
2196	242 
2197	204 
2198	334 
2199	275 
2200	165 
2201	236 
2202	211 
2203	172 
2204	22 
2205	351 
2206	276 
2207	44 
2208	440 
2209	296 
2210	383 
2211	261 
2212	155 
2213	287 
2214	183 
2215	262 
2216	392 
2217	89 
2218	270 
2219	164 
2220	146 
2221	285 
2222	271 
2223	284 
2224	298 
2225	118 
2226	286 
2227	158 
2228	41 
2229	307 
2230	403 
2231	427 
2232	72 
2233	398 
2234	305 
2235	204 
2236	323 
2237	417 
2238	234 
2239	347 
2240	359 
2241	263 
2242	24 
2243	49 
2244	162 
2245	240 
2246	190 
2247	165 
2248	62 
2249	57 
2250	222 
2251	228 
2252	292 
2253	194 
2254	233 
2255	387 
2256	92 
2257	309 
2258	70 
2259	128 
2260	429 
2261	34 
2262	191 
2263	75 
2264	342 
2265	418 
2266	357 
2267	390 
2268	315 
2269	12 
2270	138 
2271	51 
2272	151 
2273	88 
2274	360 
2275	382 
2276	7 
2277	177 
2278	169 
2279	304 
2280	281 
2281	315 
2282	420 
2283	46 
2284	402 
2285	265 
2286	395 
2287	225 
2288	119 
2289	54 
2290	98 
2291	405 
2292	196 
2293	434 
2294	317 
2295	77 
2296	371 
2297	404 
2298	188 
2299	182 
2300	171 
2301	385 
2302	235 
2303	198 
2304	128 
2305	155 
2306	322 
2307	358 
2308	107 
2309	319 
2310	263 
2311	120 
2312	123 
2313	250 
2314	290 
2315	423 
2316	349 
2317	207 
2318	417 
2319	81 
2320	189 
2321	104 
2322	306 
2323	230 
2324	285 
2325	397 
2326	260 
2327	264 
2328	216 
2329	335 
2330	85 
2331	181 
2332	154 
2333	425 
2334	55 
2335	110 
2336	305 
2337	225 
2338	372 
2339	214 
2340	227 
2341	290 
2342	392 
2343	398 
2344	339 
2345	397 
2346	18 
2347	349 
2348	82 
2349	376 
2350	194 
2351	282 
2352	324 
2353	403 
2354	390 
2355	122 
2356	398 
2357	385 
2358	153 
2359	425 
2360	436 
2361	4 
2362	238 
2363	114 
2364	291 
2365	145 
2366	120 
2367	220 
2368	357 
2369	338 
2370	162 
2371	382 
2372	231 
2373	375 
2374	12 
2375	252 
2376	435 
2377	311 
2378	383 
2379	184 
2380	106 
2381	121 
2382	193 
2383	393 
2384	45 
2385	411 
2386	135 
2387	7 
2388	194 
2389	420 
2390	195 
2391	405 
2392	402 
2393	253 
2394	407 
2395	381 
2396	134 
2397	330 
2398	229 
2399	279 
2400	202 
2401	172 
2402	376 
2403	338 
2404	289 
2405	85 
2406	421 
2407	80 
2408	332 
2409	110 
2410	166 
2411	197 
2412	273 
2413	13 
2414	276 
2415	239 
2416	42 
2417	398 
2418	276 
2419	101 
2420	73 
2421	171 
2422	155 
2423	110 
2424	127 
2425	355 
2426	54 
2427	45 
2428	165 
2429	220 
2430	279 
2431	141 
2432	313 
2433	255 
2434	170 
2435	374 
2436	412 
2437	224 
2438	162 
2439	331 
2440	207 
2441	152 
2442	386 
2443	72 
2444	140 
2445	344 
2446	136 
2447	39 
2448	90 
2449	160 
2450	407 
2451	436 
2452	332 
2453	396 
2454	434 
2455	386 
2456	120 
2457	103 
2458	377 
2459	324 
2460	233 
2461	91 
2462	107 
2463	158 
2464	103 
2465	101 
2466	74 
2467	397 
2468	234 
2469	37 
2470	369 
2471	63 
2472	36 
2473	207 
2474	321 
2475	290 
2476	299 
2477	399 
2478	379 
2479	433 
2480	269 
2481	128 
2482	393 
2483	261 
2484	67 
2485	21 
2486	230 
2487	83 
2488	421 
2489	317 
2490	346 
2491	30 
2492	177 
2493	402 
2494	439 
2495	64 
2496	340 
2497	374 
2498	231 
2499	124 
2500	64 
2501	28 
2502	161 
2503	118 
2504	119 
2505	102 
2506	182 
2507	15 
2508	139 
2509	12 
2510	175 
2511	106 
2512	244 
2513	354 
2514	206 
2515	105 
2516	39 
2517	363 
2518	100 
2519	199 
2520	349 
2521	282 
2522	119 
2523	193 
2524	236 
2525	439 
2526	366 
2527	399 
2528	242 
2529	365 
2530	302 
2531	336 
2532	266 
2533	32 
2534	157 
2535	357 
2536	131 
2537	144 
2538	290 
2539	33 
2540	91 
2541	310 
2542	222 
2543	93 
2544	263 
2545	119 
2546	193 
2547	204 
2548	39 
2549	134 
2550	79 
2551	70 
2552	389 
2553	394 
2554	44 
2555	214 
2556	194 
2557	408 
2558	359 
2559	374 
2560	159 
2561	69 
2562	231 
2563	79 
2564	182 
2565	354 
2566	345 
2567	203 
2568	343 
2569	262 
2570	89 
2571	369 
2572	186 
2573	252 
2574	194 
2575	134 
2576	352 
2577	416 
2578	347 
2579	365 
2580	256 
2581	15 
2582	11 
2583	55 
2584	231 
2585	317 
2586	243 
2587	187 
2588	372 
2589	412 
2590	276 
2591	351 
2592	165 
2593	415 
2594	193 
2595	243 
2596	42 
2597	70 
2598	328 
2599	184 
2600	339 
2601	247 
2602	164 
2603	329 
2604	433 
2605	212 
2606	104 
2607	271 
2608	91 
2609	91 
2610	193 
2611	203 
2612	404 
2613	412 
2614	372 
2615	332 
2616	139 
2617	93 
2618	165 
2619	226 
2620	342 
2621	173 
2622	149 
2623	11 
2624	356 
2625	212 
2626	189 
2627	38 
2628	370 
2629	349 
2630	334 
2631	5 
2632	277 
2633	367 
2634	401 
2635	423 
2636	321 
2637	233 
2638	109 
2639	394 
2640	315 
2641	30 
2642	205 
2643	86 
2644	412 
2645	431 
2646	282 
2647	170 
2648	296 
2649	66 
2650	29 
2651	394 
2652	350 
2653	94 
2654	378 
2655	211 
2656	10 
2657	430 
2658	273 
2659	301 
2660	327 
2661	398 
2662	207 
2663	255 
2664	250 
2665	428 
2666	426 
2667	66 
2668	239 
2669	167 
2670	50 
2671	322 
2672	410 
2673	24 
2674	266 
2675	24 
2676	111 
2677	14 
2678	409 
2679	90 
2680	437 
2681	13 
2682	159 
2683	293 
2684	391 
2685	188 
2686	223 
2687	83 
2688	268 
2689	160 
2690	129 
2691	275 
2692	76 
2693	223 
2694	267 
2695	67 
2696	424 
2697	376 
2698	254 
2699	56 
2700	33 
2701	190 
2702	186 
2703	303 
2704	120 
2705	94 
2706	404 
2707	312 
2708	121 
2709	78 
2710	220 
2711	425 
2712	252 
2713	291 
2714	306 
2715	116 
2716	134 
2717	43 
2718	433 
2719	159 
2720	264 
2721	235 
2722	331 
2723	302 
2724	304 
2725	6 
2726	243 
2727	434 
2728	247 
2729	417 
2730	358 
2731	267 
2732	431 
2733	309 
2734	102 
2735	180 
2736	356 
2737	334 
2738	124 
2739	416 
2740	388 
2741	347 
2742	285 
2743	413 
2744	196 
2745	178 
2746	123 
2747	138 
2748	215 
2749	108 
2750	318 
2751	250 
2752	179 
2753	331 
2754	212 
2755	20 
2756	283 
2757	153 
2758	62 
2759	425 
2760	166 
2761	38 
2762	424 
2763	168 
2764	422 
2765	247 
2766	181 
2767	148 
2768	261 
2769	208 
2770	341 
2771	215 
2772	333 
2773	206 
2774	288 
2775	371 
2776	56 
2777	121 
2778	174 
2779	309 
2780	95 
2781	223 
2782	397 
2783	99 
2784	308 
2785	314 
2786	406 
2787	292 
2788	289 
2789	237 
2790	360 
2791	327 
2792	65 
2793	217 
2794	297 
2795	151 
2796	109 
2797	296 
2798	381 
2799	54 
2800	275 
2801	367 
2802	372 
2803	405 
2804	348 
2805	345 
2806	23 
2807	275 
2808	274 
2809	231 
2810	277 
2811	19 
2812	417 
2813	440 
2814	412 
2815	203 
2816	50 
2817	71 
2818	38 
2819	78 
2820	298 
2821	196 
2822	71 
2823	375 
2824	99 
2825	288 
2826	59 
2827	338 
2828	421 
2829	127 
2830	23 
2831	104 
2832	203 
2833	279 
2834	179 
2835	307 
2836	164 
2837	144 
2838	13 
2839	75 
2840	68 
2841	386 
2842	13 
2843	33 
2844	351 
2845	23 
2846	12 
2847	36 
2848	282 
2849	143 
2850	224 
2851	158 
2852	50 
2853	404 
2854	289 
2855	31 
2856	259 
2857	353 
2858	237 
2859	215 
2860	440 
2861	144 
2862	168 
2863	145 
2864	166 
2865	363 
2866	345 
2867	315 
2868	286 
2869	35 
2870	384 
2871	71 
2872	364 
2873	17 
2874	97 
2875	107 
2876	15 
2877	352 
2878	200 
2879	417 
2880	178 
2881	147 
2882	344 
2883	279 
2884	64 
2885	139 
2886	149 
2887	409 
2888	315 
2889	326 
2890	269 
2891	41 
2892	330 
2893	117 
2894	376 
2895	48 
2896	357 
2897	19 
2898	99 
2899	202 
2900	170 
2901	124 
2902	216 
2903	26 
2904	338 
2905	167 
2906	390 
2907	400 
2908	51 
2909	235 
2910	108 
2911	329 
2912	210 
2913	221 
2914	88 
2915	427 
2916	170 
2917	318 
2918	200 
2919	56 
2920	295 
2921	439 
2922	95 
2923	206 
2924	300 
2925	103 
2926	89 
2927	303 
2928	23 
2929	285 
2930	255 
2931	215 
2932	236 
2933	317 
2934	177 
2935	130 
2936	256 
2937	319 
2938	311 
2939	137 
2940	401 
2941	178 
2942	287 
2943	99 
2944	324 
2945	28 
2946	71 
2947	359 
2948	422 
2949	193 
2950	82 
2951	437 
2952	145 
2953	121 
2954	191 
2955	268 
2956	408 
2957	233 
2958	187 
2959	424 
2960	397 
2961	106 
2962	202 
2963	276 
2964	381 
2965	294 
2966	417 
2967	210 
2968	233 
2969	260 
2970	421 
2971	146 
2972	62 
2973	340 
2974	22 
2975	33 
2976	53 
2977	295 
2978	101 
2979	267 
2980	23 
2981	39 
2982	124 
2983	87 
2984	258 
2985	296 
2986	311 
2987	203 
2988	35 
2989	259 
2990	157 
2991	40 
2992	380 
2993	322 
2994	117 
2995	28 
2996	54 
2997	92 
2998	301 
2999	344 
3000	301 
3001	71 
3002	436 
3003	90 
3004	194 
3005	252 
3006	57 
3007	94 
3008	86 
3009	391 
3010	37 
3011	79 
3012	231 
3013	282 
3014	377 
3015	12 
3016	79 
3017	291 
3018	429 
3019	103 
3020	255 
3021	12 
3022	219 
3023	335 
3024	31 
3025	40 
3026	2 
3027	153 
3028	282 
3029	410 
3030	186 
3031	262 
3032	383 
3033	156 
3034	117 
3035	373 
3036	14 
3037	333 
3038	347 
3039	161 
3040	153 
3041	288 
3042	354 
3043	289 
3044	83 
3045	225 
3046	255 
3047	274 
3048	136 
3049	152 
3050	199 
3051	149 
3052	184 
3053	402 
3054	48 
3055	161 
3056	86 
3057	31 
3058	299 
3059	89 
3060	174 
3061	68 
3062	235 
3063	147 
3064	411 
3065	116 
3066	40 
3067	301 
3068	325 
3069	323 
3070	371 
3071	419 
3072	105 
3073	99 
3074	306 
3075	276 
3076	386 
3077	437 
3078	171 
3079	346 
3080	425 
3081	416 
3082	311 
3083	197 
3084	20 
3085	290 
3086	378 
3087	410 
3088	123 
3089	261 
3090	372 
3091	333 
3092	133 
3093	211 
3094	257 
3095	80 
3096	150 
3097	432 
3098	378 
3099	15 
3100	14 
3101	192 
3102	51 
3103	419 
3104	218 
3105	235 
3106	62 
3107	364 
3108	400 
3109	143 
3110	108 
3111	189 
3112	226 
3113	393 
3114	360 
3115	217 
3116	181 
3117	29 
3118	329 
3119	289 
3120	337 
3121	198 
3122	155 
3123	320 
3124	363 
3125	275 
3126	416 
3127	302 
3128	104 
3129	334 
3130	295 
3131	379 
3132	365 
3133	397 
3134	377 
3135	263 
3136	22 
3137	159 
3138	245 
3139	190 
3140	251 
3141	397 
3142	109 
3143	110 
3144	40 
3145	402 
3146	243 
3147	114 
3148	81 
3149	431 
3150	10 
3151	105 
3152	234 
3153	204 
3154	383 
3155	418 
3156	131 
3157	294 
3158	127 
3159	146 
3160	388 
3161	16 
3162	12 
3163	253 
3164	196 
3165	294 
3166	154 
3167	371 
3168	51 
3169	302 
3170	34 
3171	25 
3172	14 
3173	185 
3174	331 
3175	418 
3176	260 
3177	238 
3178	261 
3179	14 
3180	133 
3181	182 
3182	338 
3183	219 
3184	264 
3185	350 
3186	43 
3187	434 
3188	117 
3189	75 
3190	297 
3191	102 
3192	133 
3193	159 
3194	378 
3195	138 
3196	115 
3197	395 
3198	280 
3199	197 
3200	220 
3201	395 
3202	366 
3203	241 
3204	16 
3205	305 
3206	76 
3207	305 
3208	435 
3209	188 
3210	26 
3211	111 
3212	19 
3213	266 
3214	361 
3215	435 
3216	366 
3217	298 
3218	428 
3219	208 
3220	288 
3221	39 
3222	407 
3223	307 
3224	179 
3225	12 
3226	221 
3227	56 
3228	134 
3229	381 
3230	14 
3231	118 
3232	424 
3233	277 
3234	368 
3235	388 
3236	115 
3237	289 
3238	124 
3239	402 
3240	174 
3241	138 
3242	213 
3243	145 
3244	327 
3245	358 
3246	260 
3247	302 
3248	209 
3249	180 
3250	348 
3251	157 
3252	281 
3253	66 
3254	144 
3255	366 
3256	95 
3257	115 
3258	140 
3259	83 
3260	166 
3261	143 
3262	310 
3263	220 
3264	276 
3265	37 
3266	164 
3267	87 
3268	101 
3269	214 
3270	86 
3271	150 
3272	289 
3273	35 
3274	252 
3275	127 
3276	59 
3277	389 
3278	362 
3279	383 
3280	336 
3281	285 
3282	343 
3283	248 
3284	369 
3285	440 
3286	170 
3287	384 
3288	393 
3289	167 
3290	423 
3291	219 
3292	73 
3293	273 
3294	273 
3295	402 
3296	361 
3297	60 
3298	177 
3299	400 
3300	276 
3301	413 
3302	87 
3303	43 
3304	287 
3305	359 
3306	211 
3307	232 
3308	359 
3309	135 
3310	401 
3311	295 
3312	79 
3313	167 
3314	57 
3315	250 
3316	93 
3317	18 
3318	273 
3319	85 
3320	241 
3321	387 
3322	106 
3323	295 
3324	291 
3325	309 
3326	438 
3327	85 
3328	143 
3329	416 
3330	16 
3331	440 
3332	319 
3333	232 
3334	186 
3335	395 
3336	134 
3337	26 
3338	30 
3339	151 
3340	424 
3341	38 
3342	357 
3343	352 
3344	406 
3345	11 
3346	363 
3347	255 
3348	241 
3349	235 
3350	332 
3351	280 
3352	370 
3353	40 
3354	288 
3355	399 
3356	83 
3357	401 
3358	36 
3359	7 
3360	403 
3361	382 
3362	161 
3363	106 
3364	363 
3365	47 
3366	136 
3367	343 
3368	176 
3369	132 
3370	145 
3371	430 
3372	363 
3373	106 
3374	278 
3375	324 
3376	358 
3377	292 
3378	414 
3379	190 
3380	34 
3381	34 
3382	245 
3383	318 
3384	79 
3385	141 
3386	426 
3387	354 
3388	233 
3389	367 
3390	371 
3391	208 
3392	393 
3393	61 
3394	3 
3395	208 
3396	96 
3397	25 
3398	215 
3399	167 
3400	64 
3401	311 
3402	341 
3403	200 
3404	25 
3405	73 
3406	233 
3407	192 
3408	244 
3409	99 
3410	404 
3411	222 
3412	424 
3413	324 
3414	21 
3415	270 
3416	265 
3417	22 
3418	23 
3419	17 
3420	428 
3421	382 
3422	141 
3423	294 
3424	338 
3425	318 
3426	369 
3427	218 
3428	158 
3429	55 
3430	162 
3431	407 
3432	380 
3433	26 
3434	109 
3435	36 
3436	270 
3437	221 
3438	313 
3439	104 
3440	22 
3441	178 
3442	346 
3443	397 
3444	416 
3445	295 
3446	233 
3447	363 
3448	410 
3449	201 
3450	431 
3451	15 
3452	414 
3453	293 
3454	12 
3455	303 
3456	423 
3457	396 
3458	363 
3459	276 
3460	34 
3461	107 
3462	243 
3463	372 
3464	140 
3465	239 
3466	350 
3467	228 
3468	55 
3469	163 
3470	38 
3471	274 
3472	414 
3473	140 
3474	223 
3475	24 
3476	34 
3477	353 
3478	299 
3479	369 
3480	274 
3481	204 
3482	64 
3483	16 
3484	23 
3485	383 
3486	124 
3487	27 
3488	125 
3489	147 
3490	426 
3491	388 
3492	402 
3493	6 
3494	102 
3495	385 
3496	427 
3497	400 
3498	369 
3499	397 
3500	245 
3501	329 
3502	48 
3503	139 
3504	301 
3505	94 
3506	182 
3507	412 
3508	61 
3509	227 
3510	193 
3511	166 
3512	371 
3513	104 
3514	6 
3515	353 
3516	325 
3517	3 
3518	262 
3519	76 
3520	326 
3521	92 
3522	132 
3523	383 
3524	55 
3525	422 
3526	182 
3527	122 
3528	154 
3529	161 
3530	421 
3531	350 
3532	103 
3533	183 
3534	249 
3535	272 
3536	411 
3537	204 
3538	106 
3539	149 
3540	245 
3541	48 
3542	293 
3543	212 
3544	146 
3545	68 
3546	164 
3547	232 
3548	59 
3549	257 
3550	123 
3551	345 
3552	297 
3553	47 
3554	403 
3555	288 
3556	108 
3557	28 
3558	305 
3559	151 
3560	114 
3561	331 
3562	252 
3563	338 
3564	278 
3565	108 
3566	192 
3567	55 
3568	101 
3569	219 
3570	364 
3571	373 
3572	155 
3573	435 
3574	336 
3575	39 
3576	243 
3577	21 
3578	190 
3579	7 
3580	117 
3581	410 
3582	106 
3583	329 
3584	21 
3585	37 
3586	29 
3587	14 
3588	154 
3589	210 
3590	21 
3591	368 
3592	56 
3593	256 
3594	233 
3595	314 
3596	128 
3597	415 
3598	366 
3599	102 
3600	358 
3601	84 
3602	325 
3603	29 
3604	130 
3605	153 
3606	186 
3607	195 
3608	333 
3609	53 
3610	215 
3611	182 
3612	345 
3613	403 
3614	199 
3615	351 
3616	73 
3617	363 
3618	39 
3619	44 
3620	50 
3621	82 
3622	422 
3623	232 
3624	67 
3625	60 
3626	268 
3627	192 
3628	255 
3629	426 
3630	37 
3631	304 
3632	229 
3633	41 
3634	362 
3635	28 
3636	400 
3637	242 
3638	252 
3639	388 
3640	3 
3641	255 
3642	277 
3643	133 
3644	266 
3645	253 
3646	6 
3647	308 
3648	233 
3649	378 
3650	130 
3651	92 
3652	245 
3653	183 
3654	330 
3655	175 
3656	113 
3657	175 
3658	223 
3659	342 
3660	393 
3661	406 
3662	133 
3663	396 
3664	325 
3665	268 
3666	103 
3667	75 
3668	77 
3669	372 
3670	306 
3671	362 
3672	34 
3673	414 
3674	48 
3675	149 
3676	166 
3677	142 
3678	280 
3679	68 
3680	386 
3681	72 
3682	215 
3683	319 
3684	419 
3685	143 
3686	243 
3687	271 
3688	221 
3689	157 
3690	111 
3691	274 
3692	71 
3693	418 
3694	171 
3695	233 
3696	48 
3697	389 
3698	246 
3699	313 
3700	409 
3701	142 
3702	267 
3703	146 
3704	127 
3705	147 
3706	30 
3707	280 
3708	90 
3709	228 
3710	132 
3711	266 
3712	47 
3713	242 
3714	380 
3715	288 
3716	7 
3717	163 
3718	136 
3719	229 
3720	218 
3721	149 
3722	152 
3723	72 
3724	140 
3725	17 
3726	331 
3727	313 
3728	217 
3729	29 
3730	72 
3731	320 
3732	325 
3733	63 
3734	129 
3735	390 
3736	50 
3737	72 
3738	383 
3739	421 
3740	267 
3741	346 
3742	138 
3743	177 
3744	438 
3745	111 
3746	27 
3747	248 
3748	213 
3749	209 
3750	256 
3751	210 
3752	116 
3753	418 
3754	206 
3755	187 
3756	38 
3757	389 
3758	414 
3759	223 
3760	232 
3761	346 
3762	342 
3763	300 
3764	350 
3765	381 
3766	232 
3767	17 
3768	62 
3769	206 
3770	270 
3771	80 
3772	132 
3773	387 
3774	202 
3775	29 
3776	359 
3777	111 
3778	96 
3779	410 
3780	367 
3781	220 
3782	17 
3783	371 
3784	308 
3785	37 
3786	140 
3787	146 
3788	195 
3789	352 
3790	27 
3791	311 
3792	166 
3793	245 
3794	238 
3795	105 
3796	421 
3797	245 
3798	339 
3799	225 
3800	317 
3801	10 
3802	131 
3803	181 
3804	156 
3805	389 
3806	352 
3807	109 
3808	116 
3809	304 
3810	397 
3811	350 
3812	354 
3813	153 
3814	229 
3815	205 
3816	399 
3817	162 
3818	131 
3819	61 
3820	183 
3821	423 
3822	77 
3823	306 
3824	7 
3825	337 
3826	98 
3827	201 
3828	296 
3829	324 
3830	436 
3831	180 
3832	303 
3833	180 
3834	330 
3835	54 
3836	84 
3837	104 
3838	267 
3839	344 
3840	192 
3841	181 
3842	408 
3843	186 
3844	305 
3845	75 
3846	286 
3847	141 
3848	50 
3849	313 
3850	262 
3851	250 
3852	376 
3853	170 
3854	386 
3855	144 
3856	26 
3857	2 
3858	92 
3859	2 
3860	238 
3861	143 
3862	198 
3863	170 
3864	251 
3865	105 
3866	140 
3867	187 
3868	154 
3869	389 
3870	224 
3871	390 
3872	397 
3873	76 
3874	319 
3875	187 
3876	330 
3877	54 
3878	222 
3879	229 
3880	259 
3881	251 
3882	350 
3883	342 
3884	305 
3885	367 
3886	270 
3887	256 
3888	116 
3889	226 
3890	371 
3891	435 
3892	99 
3893	27 
3894	209 
3895	396 
3896	163 
3897	219 
3898	81 
3899	111 
3900	118 
3901	106 
3902	57 
3903	196 
3904	276 
3905	319 
3906	188 
3907	60 
3908	84 
3909	250 
3910	11 
3911	157 
3912	204 
3913	362 
3914	439 
3915	362 
3916	424 
3917	354 
3918	318 
3919	276 
3920	31 
3921	387 
3922	417 
3923	352 
3924	330 
3925	220 
3926	116 
3927	330 
3928	330 
3929	89 
3930	121 
3931	324 
3932	196 
3933	248 
3934	59 
3935	310 
3936	46 
3937	348 
3938	37 
3939	414 
3940	400 
3941	77 
3942	208 
3943	123 
3944	15 
3945	301 
3946	122 
3947	377 
3948	195 
3949	199 
3950	185 
3951	418 
3952	156 
3953	109 
3954	197 
3955	376 
3956	213 
3957	294 
3958	251 
3959	105 
3960	84 
3961	77 
3962	182 
3963	390 
3964	142 
3965	356 
3966	271 
3967	197 
3968	352 
3969	3 
3970	140 
3971	179 
3972	13 
3973	45 
3974	329 
3975	252 
3976	425 
3977	382 
3978	322 
3979	437 
3980	368 
3981	31 
3982	212 
3983	156 
3984	179 
3985	269 
3986	40 
3987	162 
3988	61 
3989	306 
3990	421 
3991	105 
3992	297 
3993	123 
3994	360 
3995	31 
3996	163 
3997	361 
3998	162 
3999	309 
4000	227 
4001	413 
4002	162 
4003	62 
4004	338 
4005	72 
4006	127 
4007	390 
4008	418 
4009	117 
4010	337 
4011	317 
4012	222 
4013	2 
4014	383 
4015	34 
4016	44 
4017	105 
4018	98 
4019	140 
4020	241 
4021	100 
4022	293 
4023	333 
4024	344 
4025	66 
4026	145 
4027	366 
4028	380 
4029	195 
4030	294 
4031	397 
4032	11 
4033	422 
4034	278 
4035	75 
4036	140 
4037	250 
4038	183 
4039	251 
4040	351 
4041	301 
4042	286 
4043	424 
4044	78 
4045	60 
4046	26 
4047	409 
4048	157 
4049	262 
4050	367 
4051	45 
4052	101 
4053	316 
4054	124 
4055	408 
4056	262 
4057	343 
4058	265 
4059	212 
4060	288 
4061	281 
4062	295 
4063	247 
4064	64 
4065	31 
4066	332 
4067	99 
4068	147 
4069	105 
4070	276 
4071	353 
4072	364 
4073	73 
4074	282 
4075	299 
4076	439 
4077	295 
4078	97 
4079	245 
4080	405 
4081	166 
4082	297 
4083	78 
4084	125 
4085	179 
4086	121 
4087	378 
4088	34 
4089	115 
4090	316 
4091	234 
4092	30 
4093	399 
4094	27 
4095	436 
4096	367 
4097	80 
4098	319 
4099	342 
4100	429 
4101	410 
4102	348 
4103	196 
4104	256 
4105	38 
4106	61 
4107	13 
4108	176 
4109	365 
4110	105 
4111	156 
4112	265 
4113	18 
4114	105 
4115	158 
4116	79 
4117	46 
4118	300 
4119	200 
4120	320 
4121	308 
4122	336 
4123	171 
4124	311 
4125	177 
4126	329 
4127	220 
4128	6 
4129	130 
4130	423 
4131	283 
4132	2 
4133	55 
4134	113 
4135	278 
4136	290 
4137	270 
4138	208 
4139	256 
4140	245 
4141	195 
4142	185 
4143	174 
4144	304 
4145	440 
4146	191 
4147	225 
4148	388 
4149	337 
4150	376 
4151	281 
4152	134 
4153	46 
4154	99 
4155	11 
4156	171 
4157	32 
4158	420 
4159	57 
4160	361 
4161	195 
4162	311 
4163	134 
4164	160 
4165	81 
4166	369 
4167	377 
4168	199 
4169	430 
4170	107 
4171	25 
4172	270 
4173	46 
4174	337 
4175	437 
4176	115 
4177	370 
4178	277 
4179	310 
4180	77 
4181	401 
4182	146 
4183	270 
4184	257 
4185	384 
4186	362 
4187	365 
4188	38 
4189	203 
4190	228 
4191	284 
4192	271 
4193	86 
4194	136 
4195	126 
4196	260 
4197	71 
4198	157 
4199	195 
4200	438 
4201	315 
4202	380 
4203	365 
4204	51 
4205	246 
4206	422 
4207	363 
4208	226 
4209	171 
4210	3 
4211	43 
4212	191 
4213	414 
4214	303 
4215	336 
4216	37 
4217	48 
4218	429 
4219	375 
4220	135 
4221	187 
4222	201 
4223	132 
4224	308 
4225	67 
4226	296 
4227	138 
4228	265 
4229	421 
4230	282 
4231	247 
4232	30 
4233	267 
4234	432 
4235	397 
4236	375 
4237	175 
4238	326 
4239	76 
4240	94 
4241	100 
4242	197 
4243	220 
4244	411 
4245	432 
4246	248 
4247	6 
4248	279 
4249	192 
4250	108 
4251	111 
4252	170 
4253	22 
4254	214 
4255	128 
4256	373 
4257	388 
4258	95 
4259	78 
4260	388 
4261	222 
4262	34 
4263	407 
4264	196 
4265	147 
4266	315 
4267	403 
4268	59 
4269	323 
4270	333 
4271	231 
4272	425 
4273	302 
4274	63 
4275	340 
4276	314 
4277	395 
4278	326 
4279	329 
4280	196 
4281	344 
4282	275 
4283	292 
4284	60 
4285	54 
4286	296 
4287	377 
4288	297 
4289	342 
4290	192 
4291	382 
4292	381 
4293	256 
4294	360 
4295	7 
4296	202 
4297	420 
4298	38 
4299	234 
4300	252 
4301	221 
4302	373 
4303	54 
4304	246 
4305	200 
4306	79 
4307	94 
4308	130 
4309	112 
4310	185 
4311	253 
4312	81 
4313	18 
4314	5 
4315	405 
4316	181 
4317	86 
4318	342 
4319	264 
4320	78 
4321	43 
4322	401 
4323	366 
4324	249 
4325	157 
4326	11 
4327	122 
4328	318 
4329	18 
4330	47 
4331	249 
4332	276 
4333	295 
4334	96 
4335	247 
4336	399 
4337	350 
4338	229 
4339	61 
4340	166 
4341	183 
4342	133 
4343	218 
4344	295 
4345	153 
4346	421 
4347	248 
4348	352 
4349	293 
4350	302 
4351	145 
4352	363 
4353	350 
4354	95 
4355	185 
4356	202 
4357	170 
4358	38 
4359	266 
4360	98 
4361	5 
4362	326 
4363	359 
4364	45 
4365	98 
4366	177 
4367	22 
4368	113 
4369	199 
4370	32 
4371	372 
4372	327 
4373	402 
4374	71 
4375	227 
4376	333 
4377	342 
4378	20 
4379	369 
4380	180 
4381	18 
4382	351 
4383	390 
4384	21 
4385	179 
4386	142 
4387	129 
4388	80 
4389	439 
4390	14 
4391	259 
4392	397 
4393	273 
4394	24 
4395	327 
4396	414 
4397	297 
4398	403 
4399	268 
4400	346 
4401	214 
4402	250 
4403	17 
4404	67 
4405	25 
4406	244 
4407	216 
4408	413 
4409	419 
4410	367 
4411	20 
4412	103 
4413	400 
4414	128 
4415	33 
4416	27 
4417	289 
4418	14 
4419	171 
4420	37 
4421	233 
4422	32 
4423	266 
4424	383 
4425	377 
4426	324 
4427	159 
4428	189 
4429	420 
4430	99 
4431	229 
4432	320 
4433	80 
4434	39 
4435	143 
4436	253 
4437	186 
4438	97 
4439	436 
4440	284 
4441	408 
4442	183 
4443	63 
4444	195 
4445	6 
4446	236 
4447	213 
4448	112 
4449	205 
4450	405 
4451	397 
4452	33 
4453	440 
4454	116 
4455	265 
4456	19 
4457	300 
4458	88 
4459	93 
4460	24 
4461	343 
4462	411 
4463	161 
4464	221 
4465	396 
4466	393 
4467	434 
4468	44 
4469	147 
4470	46 
4471	400 
4472	364 
4473	115 
4474	241 
4475	427 
4476	112 
4477	45 
4478	41 
4479	434 
4480	280 
4481	385 
4482	95 
4483	121 
4484	423 
4485	297 
4486	199 
4487	225 
4488	11 
4489	412 
4490	166 
4491	97 
4492	203 
4493	84 
4494	130 
4495	166 
4496	192 
4497	16 
4498	360 
4499	78 
4500	107 
4501	317 
4502	129 
4503	364 
4504	3 
4505	125 
4506	185 
4507	340 
4508	95 
4509	342 
4510	72 
4511	59 
4512	364 
4513	356 
4514	232 
4515	118 
4516	76 
4517	224 
4518	98 
4519	343 
4520	370 
4521	422 
4522	155 
4523	247 
4524	146 
4525	96 
4526	198 
4527	200 
4528	76 
4529	319 
4530	338 
4531	133 
4532	28 
4533	66 
4534	278 
4535	424 
4536	389 
4537	365 
4538	17 
4539	20 
4540	59 
4541	252 
4542	141 
4543	256 
4544	92 
4545	145 
4546	391 
4547	246 
4548	324 
4549	258 
4550	95 
4551	219 
4552	88 
4553	242 
4554	229 
4555	246 
4556	27 
4557	20 
4558	149 
4559	280 
4560	309 
4561	113 
4562	219 
4563	417 
4564	396 
4565	63 
4566	130 
4567	381 
4568	308 
4569	84 
4570	210 
4571	67 
4572	146 
4573	92 
4574	253 
4575	429 
4576	117 
4577	316 
4578	43 
4579	237 
4580	303 
4581	313 
4582	57 
4583	351 
4584	105 
4585	191 
4586	137 
4587	99 
4588	13 
4589	163 
4590	306 
4591	379 
4592	201 
4593	440 
4594	368 
4595	440 
4596	48 
4597	421 
4598	154 
4599	316 
4600	96 
4601	393 
4602	2 
4603	370 
4604	128 
4605	407 
4606	417 
4607	274 
4608	5 
4609	195 
4610	205 
4611	304 
4612	118 
4613	47 
4614	418 
4615	338 
4616	347 
4617	370 
4618	59 
4619	400 
4620	125 
4621	387 
4622	252 
4623	303 
4624	33 
4625	97 
4626	266 
4627	82 
4628	251 
4629	265 
4630	269 
4631	86 
4632	93 
4633	383 
4634	111 
4635	343 
4636	192 
4637	130 
4638	100 
4639	20 
4640	76 
4641	315 
4642	438 
4643	125 
4644	144 
4645	134 
4646	259 
4647	77 
4648	215 
4649	87 
4650	354 
4651	133 
4652	420 
4653	389 
4654	417 
4655	31 
4656	410 
4657	204 
4658	428 
4659	183 
4660	127 
4661	322 
4662	173 
4663	332 
4664	428 
4665	426 
4666	186 
4667	390 
4668	409 
4669	233 
4670	101 
4671	286 
4672	127 
4673	140 
4674	270 
4675	5 
4676	225 
4677	423 
4678	319 
4679	403 
4680	244 
4681	44 
4682	369 
4683	19 
4684	98 
4685	391 
4686	277 
4687	270 
4688	337 
4689	179 
4690	378 
4691	339 
4692	111 
4693	37 
4694	422 
4695	395 
4696	168 
4697	368 
4698	100 
4699	286 
4700	324 
4701	424 
4702	401 
4703	430 
4704	129 
4705	342 
4706	63 
4707	228 
4708	249 
4709	174 
4710	243 
4711	3 
4712	152 
4713	180 
4714	103 
4715	219 
4716	283 
4717	109 
4718	53 
4719	261 
4720	25 
4721	41 
4722	159 
4723	143 
4724	332 
4725	185 
4726	402 
4727	20 
4728	286 
4729	216 
4730	351 
4731	57 
4732	107 
4733	290 
4734	54 
4735	438 
4736	269 
4737	346 
4738	421 
4739	189 
4740	326 
4741	266 
4742	79 
4743	85 
4744	259 
4745	21 
4746	256 
4747	94 
4748	294 
4749	279 
4750	82 
4751	417 
4752	341 
4753	196 
4754	265 
4755	411 
4756	306 
4757	393 
4758	319 
4759	350 
4760	198 
4761	149 
4762	210 
4763	109 
4764	256 
4765	46 
4766	414 
4767	256 
4768	425 
4769	7 
4770	239 
4771	274 
4772	326 
4773	105 
4774	127 
4775	188 
4776	113 
4777	13 
4778	344 
4779	314 
4780	391 
4781	239 
4782	243 
4783	154 
4784	397 
4785	60 
4786	375 
4787	296 
4788	369 
4789	408 
4790	437 
4791	415 
4792	386 
4793	174 
4794	55 
4795	22 
4796	336 
4797	413 
4798	338 
4799	154 
4800	343 
4801	439 
4802	310 
4803	86 
4804	217 
4805	303 
4806	292 
4807	87 
4808	407 
4809	89 
4810	406 
4811	30 
4812	258 
4813	200 
4814	113 
4815	329 
4816	53 
4817	62 
4818	232 
4819	71 
4820	418 
4821	50 
4822	332 
4823	379 
4824	127 
4825	152 
4826	3 
4827	277 
4828	354 
4829	326 
4830	155 
4831	359 
4832	420 
4833	383 
4834	92 
4835	329 
4836	209 
4837	126 
4838	413 
4839	20 
4840	434 
4841	251 
4842	237 
4843	29 
4844	428 
4845	39 
4846	21 
4847	62 
4848	216 
4849	414 
4850	6 
4851	322 
4852	223 
4853	271 
4854	105 
4855	343 
4856	257 
4857	205 
4858	238 
4859	190 
4860	271 
4861	282 
4862	96 
4863	267 
4864	424 
4865	268 
4866	87 
4867	364 
4868	241 
4869	259 
4870	399 
4871	401 
4872	438 
4873	260 
4874	190 
4875	124 
4876	96 
4877	366 
4878	20 
4879	327 
4880	181 
4881	301 
4882	89 
4883	145 
4884	6 
4885	376 
4886	242 
4887	432 
4888	31 
4889	353 
4890	278 
4891	159 
4892	25 
4893	304 
4894	248 
4895	80 
4896	408 
4897	30 
4898	153 
4899	196 
4900	291 
4901	420 
4902	366 
4903	201 
4904	181 
4905	134 
4906	202 
4907	239 
4908	297 
4909	30 
4910	344 
4911	108 
4912	38 
4913	134 
4914	239 
4915	382 
4916	107 
4917	96 
4918	323 
4919	438 
4920	315 
4921	323 
4922	28 
4923	33 
4924	47 
4925	105 
4926	55 
4927	257 
4928	344 
4929	116 
4930	257 
4931	368 
4932	113 
4933	118 
4934	268 
4935	124 
4936	128 
4937	365 
4938	379 
4939	140 
4940	340 
4941	112 
4942	330 
4943	183 
4944	423 
4945	14 
4946	343 
4947	153 
4948	44 
4949	405 
4950	299 
4951	54 
4952	209 
4953	106 
4954	367 
4955	283 
4956	293 
4957	310 
4958	206 
4959	104 
4960	399 
4961	143 
4962	33 
4963	173 
4964	100 
4965	290 
4966	429 
4967	44 
4968	386 
4969	370 
4970	238 
4971	277 
4972	124 
4973	53 
4974	212 
4975	113 
4976	224 
4977	429 
4978	116 
4979	215 
4980	377 
4981	295 
4982	242 
4983	257 
4984	16 
4985	310 
4986	362 
4987	301 
4988	426 
4989	76 
4990	126 
4991	283 
4992	17 
4993	266 
4994	191 
4995	293 
4996	397 
4997	220 
4998	270 
4999	232 
5000	113 
5001	300 
5002	316 
5003	161 
5004	316 
5005	320 
5006	32 
5007	334 
5008	20 
5009	137 
5010	237 
5011	142 
5012	84 
5013	215 
5014	135 
5015	72 
5016	3 
5017	319 
5018	197 
5019	303 
5020	209 
5021	246 
5022	375 
5023	170 
5024	31 
5025	46 
5026	220 
5027	353 
5028	377 
5029	12 
5030	371 
5031	320 
5032	214 
5033	218 
5034	20 
5035	177 
5036	428 
5037	323 
5038	116 
5039	364 
5040	434 
5041	378 
5042	241 
5043	20 
5044	360 
5045	228 
5046	24 
5047	33 
5048	439 
5049	293 
5050	238 
5051	268 
5052	378 
5053	97 
5054	130 
5055	326 
5056	274 
5057	384 
5058	432 
5059	27 
5060	109 
5061	181 
5062	67 
5063	103 
5064	388 
5065	181 
5066	142 
5067	284 
5068	29 
5069	38 
5070	220 
5071	293 
5072	410 
5073	435 
5074	149 
5075	13 
5076	131 
5077	246 
5078	199 
5079	426 
5080	138 
5081	154 
5082	126 
5083	153 
5084	160 
5085	426 
5086	356 
5087	157 
5088	373 
5089	157 
5090	14 
5091	197 
5092	135 
5093	126 
5094	141 
5095	379 
5096	37 
5097	163 
5098	426 
5099	112 
5100	241 
5101	38 
5102	236 
5103	326 
5104	201 
5105	371 
5106	61 
5107	281 
5108	32 
5109	181 
5110	33 
5111	289 
5112	84 
5113	309 
5114	208 
5115	35 
5116	66 
5117	130 
5118	141 
5119	214 
5120	314 
5121	107 
5122	427 
5123	359 
5124	64 
5125	435 
5126	423 
5127	125 
5128	99 
5129	260 
5130	22 
5131	265 
5132	27 
5133	319 
5134	273 
5135	242 
5136	395 
5137	324 
5138	125 
5139	239 
5140	369 
5141	43 
5142	291 
5143	292 
5144	203 
5145	271 
5146	130 
5147	22 
5148	246 
5149	33 
5150	154 
5151	421 
5152	189 
5153	247 
5154	346 
5155	119 
5156	293 
5157	236 
5158	359 
5159	417 
5160	41 
5161	186 
5162	338 
5163	214 
5164	395 
5165	204 
5166	50 
5167	13 
5168	408 
5169	411 
5170	247 
5171	187 
5172	76 
5173	384 
5174	129 
5175	405 
5176	406 
5177	39 
5178	90 
5179	147 
5180	369 
5181	179 
5182	226 
5183	393 
5184	264 
5185	284 
5186	361 
5187	131 
5188	440 
5189	376 
5190	162 
5191	201 
5192	43 
5193	89 
5194	311 
5195	143 
5196	252 
5197	294 
5198	427 
5199	382 
5200	168 
5201	28 
5202	389 
5203	198 
5204	61 
5205	336 
5206	424 
5207	213 
5208	224 
5209	236 
5210	239 
5211	330 
5212	436 
5213	324 
5214	227 
5215	28 
5216	365 
5217	292 
5218	22 
5219	90 
5220	209 
5221	351 
5222	385 
5223	35 
5224	109 
5225	12 
5226	311 
5227	432 
5228	20 
5229	422 
5230	299 
5231	232 
5232	16 
5233	218 
5234	192 
5235	144 
5236	303 
5237	202 
5238	175 
5239	190 
5240	228 
5241	360 
5242	385 
5243	315 
5244	279 
5245	405 
5246	273 
5247	256 
5248	337 
5249	237 
5250	25 
5251	188 
5252	118 
5253	118 
5254	166 
5255	363 
5256	294 
5257	413 
5258	370 
5259	200 
5260	325 
5261	414 
5262	303 
5263	229 
5264	387 
5265	168 
5266	256 
5267	107 
5268	265 
5269	37 
5270	241 
5271	29 
5272	429 
5273	319 
5274	389 
5275	19 
5276	316 
5277	197 
5278	409 
5279	29 
5280	209 
5281	290 
5282	424 
5283	387 
5284	264 
5285	160 
5286	141 
5287	329 
5288	265 
5289	415 
5290	216 
5291	412 
5292	89 
5293	372 
5294	105 
5295	324 
5296	329 
5297	146 
5298	133 
5299	246 
5300	350 
5301	134 
5302	55 
5303	133 
5304	326 
5305	439 
5306	308 
5307	339 
5308	95 
5309	412 
5310	423 
5311	378 
5312	351 
5313	223 
5314	353 
5315	173 
5316	237 
5317	424 
5318	115 
5319	196 
5320	2 
5321	341 
5322	351 
5323	346 
5324	196 
5325	117 
5326	390 
5327	303 
5328	157 
5329	238 
5330	45 
5331	166 
5332	291 
5333	295 
5334	271 
5335	389 
5336	190 
5337	16 
5338	284 
5339	187 
5340	322 
5341	121 
5342	103 
5343	241 
5344	264 
5345	12 
5346	183 
5347	206 
5348	32 
5349	362 
5350	168 
5351	384 
5352	109 
5353	418 
5354	334 
5355	223 
5356	213 
5357	189 
5358	141 
5359	422 
5360	410 
5361	380 
5362	429 
5363	43 
5364	283 
5365	68 
5366	403 
5367	413 
5368	216 
5369	97 
5370	409 
5371	180 
5372	198 
5373	131 
5374	274 
5375	77 
5376	210 
5377	121 
5378	331 
5379	271 
5380	179 
5381	262 
5382	278 
5383	107 
5384	336 
5385	301 
5386	87 
5387	89 
5388	316 
5389	32 
5390	143 
5391	208 
5392	271 
5393	55 
5394	87 
5395	78 
5396	105 
5397	419 
5398	60 
5399	95 
5400	364 
5401	5 
5402	242 
5403	299 
5404	53 
5405	251 
5406	241 
5407	53 
5408	135 
5409	210 
5410	356 
5411	406 
5412	414 
5413	390 
5414	255 
5415	14 
5416	353 
5417	3 
5418	356 
5419	14 
5420	262 
5421	217 
5422	258 
5423	188 
5424	415 
5425	212 
5426	359 
5427	310 
5428	200 
5429	36 
5430	356 
5431	262 
5432	406 
5433	191 
5434	66 
5435	61 
5436	373 
5437	198 
5438	84 
5439	53 
5440	63 
5441	25 
5442	59 
5443	407 
5444	264 
5445	6 
5446	227 
5447	36 
5448	386 
5449	430 
5450	183 
5451	420 
5452	100 
5453	67 
5454	68 
5455	373 
5456	97 
5457	166 
5458	198 
5459	243 
5460	89 
5461	133 
5462	125 
5463	391 
5464	107 
5465	41 
5466	154 
5467	154 
5468	343 
5469	220 
5470	167 
5471	269 
5472	385 
5473	88 
5474	306 
5475	106 
5476	221 
5477	97 
5478	334 
5479	113 
5480	214 
5481	322 
5482	253 
5483	103 
5484	391 
5485	402 
5486	317 
5487	380 
5488	260 
5489	48 
5490	82 
5491	247 
5492	221 
5493	131 
5494	108 
5495	373 
5496	167 
5497	300 
5498	243 
5499	27 
5500	81 
5501	180 
5502	371 
5503	3 
5504	96 
5505	401 
5506	128 
5507	41 
5508	127 
5509	331 
5510	2 
5511	300 
5512	390 
5513	107 
5514	128 
5515	302 
5516	310 
5517	128 
5518	363 
5519	353 
5520	346 
5521	191 
5522	414 
5523	281 
5524	290 
5525	281 
5526	213 
5527	208 
5528	351 
5529	112 
5530	378 
5531	426 
5532	382 
5533	326 
5534	54 
5535	408 
5536	427 
5537	224 
5538	159 
5539	85 
5540	244 
5541	265 
5542	133 
5543	386 
5544	268 
5545	373 
5546	93 
5547	60 
5548	378 
5549	422 
5550	414 
5551	20 
5552	72 
5553	71 
5554	367 
5555	365 
5556	117 
5557	399 
5558	160 
5559	372 
5560	365 
5561	295 
5562	64 
5563	82 
5564	160 
5565	371 
5566	391 
5567	212 
5568	17 
5569	119 
5570	276 
5571	295 
5572	217 
5573	434 
5574	143 
5575	109 
5576	153 
5577	84 
5578	12 
5579	309 
5580	138 
5581	381 
5582	251 
5583	192 
5584	217 
5585	54 
5586	283 
5587	325 
5588	21 
5589	293 
5590	268 
5591	339 
5592	28 
5593	16 
5594	426 
5595	3 
5596	352 
5597	168 
5598	274 
5599	331 
5600	396 
5601	147 
5602	368 
5603	189 
5604	376 
5605	82 
5606	190 
5607	282 
5608	30 
5609	288 
5610	439 
5611	195 
5612	440 
5613	288 
5614	290 
5615	190 
5616	224 
5617	160 
5618	206 
5619	89 
5620	341 
5621	408 
5622	109 
5623	420 
5624	297 
5625	138 
5626	29 
5627	109 
5628	140 
5629	143 
5630	370 
5631	336 
5632	149 
5633	373 
5634	412 
5635	119 
5636	246 
5637	265 
5638	109 
5639	409 
5640	430 
5641	329 
5642	93 
5643	425 
5644	427 
5645	247 
5646	252 
5647	157 
5648	204 
5649	314 
5650	361 
5651	367 
5652	385 
5653	35 
5654	121 
5655	246 
5656	330 
5657	402 
5658	369 
5659	38 
5660	225 
5661	402 
5662	420 
5663	3 
5664	290 
5665	135 
5666	395 
5667	191 
5668	218 
5669	363 
5670	5 
5671	147 
5672	95 
5673	414 
5674	378 
5675	210 
5676	251 
5677	415 
5678	339 
5679	59 
5680	113 
5681	168 
5682	162 
5683	57 
5684	82 
5685	39 
5686	288 
5687	385 
5688	420 
5689	365 
5690	314 
5691	297 
5692	291 
5693	233 
5694	304 
5695	362 
5696	215 
5697	30 
5698	163 
5699	434 
5700	67 
5701	239 
5702	411 
5703	396 
5704	55 
5705	225 
5706	196 
5707	342 
5708	432 
5709	361 
5710	167 
5711	365 
5712	236 
5713	22 
5714	27 
5715	258 
5716	137 
5717	306 
5718	354 
5719	210 
5720	226 
5721	197 
5722	93 
5723	201 
5724	384 
5725	420 
5726	204 
5727	310 
5728	412 
5729	384 
5730	103 
5731	395 
5732	419 
5733	232 
5734	368 
5735	233 
5736	403 
5737	64 
5738	162 
5739	135 
5740	224 
5741	228 
5742	107 
5743	159 
5744	82 
5745	168 
5746	274 
5747	367 
5748	170 
5749	377 
5750	380 
5751	434 
5752	410 
5753	264 
5754	48 
5755	5 
5756	204 
5757	319 
5758	228 
5759	301 
5760	213 
5761	142 
5762	28 
5763	317 
5764	36 
5765	356 
5766	331 
5767	59 
5768	227 
5769	85 
5770	81 
5771	353 
5772	116 
5773	344 
5774	138 
5775	17 
5776	320 
5777	161 
5778	308 
5779	107 
5780	167 
5781	386 
5782	3 
5783	64 
5784	154 
5785	76 
5786	14 
5787	229 
5788	60 
5789	97 
5790	167 
5791	343 
5792	338 
5793	100 
5794	293 
5795	264 
5796	201 
5797	389 
5798	32 
5799	344 
5800	332 
5801	281 
5802	199 
5803	92 
5804	385 
5805	163 
5806	290 
5807	192 
5808	419 
5809	268 
5810	316 
5811	359 
5812	329 
5813	232 
5814	131 
5815	330 
5816	382 
5817	46 
5818	13 
5819	87 
5820	177 
5821	77 
5822	308 
5823	35 
5824	218 
5825	185 
5826	19 
5827	399 
5828	196 
5829	115 
5830	306 
5831	35 
5832	133 
5833	112 
5834	183 
5835	389 
5836	226 
5837	376 
5838	82 
5839	37 
5840	381 
5841	48 
5842	215 
5843	208 
5844	147 
5845	375 
5846	385 
5847	89 
5848	280 
5849	48 
5850	192 
5851	378 
5852	50 
5853	236 
5854	296 
5855	432 
5856	125 
5857	87 
5858	407 
5859	76 
5860	399 
5861	163 
5862	243 
5863	260 
5864	253 
5865	288 
5866	324 
5867	337 
5868	129 
5869	375 
5870	380 
5871	186 
5872	72 
5873	414 
5874	162 
5875	318 
5876	421 
5877	2 
5878	383 
5879	383 
5880	48 
5881	406 
5882	123 
5883	159 
5884	109 
5885	273 
5886	419 
5887	262 
5888	314 
5889	429 
5890	109 
5891	104 
5892	163 
5893	229 
5894	33 
5895	29 
5896	424 
5897	54 
5898	181 
5899	315 
5900	145 
5901	147 
5902	109 
5903	432 
5904	268 
5905	410 
5906	160 
5907	413 
5908	424 
5909	64 
5910	221 
5911	118 
5912	61 
5913	187 
5914	63 
5915	126 
5916	127 
5917	133 
5918	395 
5919	430 
5920	137 
5921	261 
5922	429 
5923	87 
5924	147 
5925	155 
5926	276 
5927	291 
5928	239 
5929	88 
5930	107 
5931	64 
5932	103 
5933	155 
5934	237 
5935	250 
5936	291 
5937	427 
5938	371 
5939	409 
5940	244 
5941	53 
5942	382 
5943	413 
5944	341 
5945	236 
5946	16 
5947	117 
5948	149 
5949	183 
5950	320 
5951	422 
5952	161 
5953	175 
5954	406 
5955	221 
5956	5 
5957	53 
5958	397 
5959	391 
5960	242 
5961	183 
5962	236 
5963	71 
5964	50 
5965	28 
5966	171 
5967	385 
5968	295 
5969	130 
5970	409 
5971	403 
5972	361 
5973	106 
5974	170 
5975	281 
5976	322 
5977	204 
5978	338 
5979	284 
5980	188 
5981	366 
5982	356 
5983	299 
5984	341 
5985	113 
5986	440 
5987	286 
5988	313 
5989	415 
5990	338 
5991	50 
5992	174 
5993	439 
5994	415 
5995	250 
5996	175 
5997	175 
5998	191 
5999	304 
6000	324 
6001	208 
6002	418 
6003	306 
6004	137 
6005	220 
6006	318 
6007	216 
6008	316 
6009	300 
6010	371 
6011	213 
6012	147 
6013	393 
6014	31 
6015	326 
6016	33 
6017	24 
6018	410 
6019	245 
6020	399 
6021	126 
6022	391 
6023	302 
6024	206 
6025	228 
6026	244 
6027	296 
6028	59 
6029	395 
6030	436 
6031	161 
6032	247 
6033	93 
6034	311 
6035	271 
6036	424 
6037	356 
6038	371 
6039	323 
6040	109 
6041	224 
6042	14 
6043	354 
6044	95 
6045	154 
6046	352 
6047	381 
6048	242 
6049	369 
6050	380 
6051	174 
6052	105 
6053	427 
6054	366 
6055	213 
6056	137 
6057	203 
6058	185 
6059	88 
6060	168 
6061	119 
6062	283 
6063	368 
6064	290 
6065	55 
6066	218 
6067	242 
6068	7 
6069	387 
6070	339 
6071	213 
6072	204 
6073	376 
6074	14 
6075	388 
6076	63 
6077	258 
6078	322 
6079	38 
6080	384 
6081	329 
6082	314 
6083	109 
6084	415 
6085	319 
6086	396 
6087	239 
6088	318 
6089	155 
6090	302 
6091	382 
6092	377 
6093	292 
6094	296 
6095	217 
6096	388 
6097	124 
6098	214 
6099	276 
6100	388 
6101	403 
6102	403 
6103	290 
6104	297 
6105	363 
6106	338 
6107	103 
6108	337 
6109	57 
6110	76 
6111	153 
6112	7 
6113	213 
6114	149 
6115	308 
6116	371 
6117	186 
6118	252 
6119	97 
6120	331 
6121	215 
6122	96 
6123	221 
6124	29 
6125	143 
6126	387 
6127	389 
6128	389 
6129	25 
6130	123 
6131	68 
6132	396 
6133	214 
6134	245 
6135	113 
6136	54 
6137	264 
6138	295 
6139	410 
6140	198 
6141	39 
6142	283 
6143	141 
6144	332 
6145	68 
6146	362 
6147	253 
6148	407 
6149	332 
6150	411 
6151	155 
6152	47 
6153	97 
6154	107 
6155	420 
6156	224 
6157	406 
6158	173 
6159	153 
6160	377 
6161	177 
6162	325 
6163	282 
6164	343 
6165	2 
6166	313 
6167	87 
6168	99 
6169	55 
6170	398 
6171	353 
6172	279 
6173	398 
6174	250 
6175	322 
6176	428 
6177	200 
6178	161 
6179	244 
6180	143 
6181	109 
6182	326 
6183	123 
6184	270 
6185	191 
6186	208 
6187	5 
6188	398 
6189	248 
6190	362 
6191	133 
6192	309 
6193	381 
6194	3 
6195	38 
6196	429 
6197	247 
6198	300 
6199	170 
6200	54 
6201	325 
6202	30 
6203	196 
6204	395 
6205	334 
6206	128 
6207	339 
6208	175 
6209	27 
6210	147 
6211	261 
6212	101 
6213	129 
6214	407 
6215	68 
6216	296 
6217	77 
6218	399 
6219	223 
6220	81 
6221	44 
6222	336 
6223	277 
6224	96 
6225	180 
6226	438 
6227	59 
6228	59 
6229	324 
6230	324 
6231	262 
6232	341 
6233	31 
6234	64 
6235	121 
6236	47 
6237	421 
6238	30 
6239	13 
6240	411 
6241	376 
6242	162 
6243	48 
6244	360 
6245	72 
6246	402 
6247	238 
6248	413 
6249	3 
6250	46 
6251	330 
6252	320 
6253	339 
6254	288 
6255	47 
6256	396 
6257	343 
6258	419 
6259	244 
6260	125 
6261	130 
6262	334 
6263	396 
6264	310 
6265	282 
6266	185 
6267	177 
6268	332 
6269	183 
6270	324 
6271	251 
6272	60 
6273	436 
6274	338 
6275	90 
6276	262 
6277	25 
6278	314 
6279	47 
6280	434 
6281	391 
6282	147 
6283	304 
6284	192 
6285	283 
6286	296 
6287	187 
6288	115 
6289	247 
6290	412 
6291	130 
6292	299 
6293	130 
6294	85 
6295	173 
6296	197 
6297	213 
6298	191 
6299	76 
6300	436 
6301	159 
6302	387 
6303	218 
6304	411 
6305	278 
6306	168 
6307	44 
6308	206 
6309	376 
6310	338 
6311	89 
6312	19 
6313	206 
6314	224 
6315	317 
6316	57 
6317	188 
6318	215 
6319	402 
6320	329 
6321	54 
6322	372 
6323	117 
6324	36 
6325	28 
6326	85 
6327	208 
6328	304 
6329	313 
6330	386 
6331	380 
6332	198 
6333	370 
6334	46 
6335	376 
6336	54 
6337	63 
6338	31 
6339	68 
6340	85 
6341	63 
6342	117 
6343	217 
6344	418 
6345	323 
6346	61 
6347	95 
6348	72 
6349	351 
6350	224 
6351	2 
6352	14 
6353	125 
6354	112 
6355	369 
6356	171 
6357	96 
6358	228 
6359	106 
6360	380 
6361	154 
6362	84 
6363	282 
6364	87 
6365	361 
6366	206 
6367	314 
6368	390 
6369	410 
6370	28 
6371	14 
6372	281 
6373	149 
6374	198 
6375	236 
6376	130 
6377	220 
6378	39 
6379	191 
6380	311 
6381	264 
6382	376 
6383	87 
6384	6 
6385	362 
6386	196 
6387	383 
6388	368 
6389	179 
6390	362 
6391	53 
6392	119 
6393	137 
6394	411 
6395	252 
6396	278 
6397	133 
6398	104 
6399	260 
6400	253 
6401	430 
6402	2 
6403	236 
6404	220 
6405	54 
6406	89 
6407	128 
6408	252 
6409	36 
6410	407 
6411	227 
6412	119 
6413	88 
6414	380 
6415	145 
6416	188 
6417	103 
6418	436 
6419	396 
6420	365 
6421	84 
6422	119 
6423	310 
6424	179 
6425	384 
6426	117 
6427	354 
6428	409 
6429	406 
6430	119 
6431	359 
6432	337 
6433	370 
6434	423 
6435	274 
6436	273 
6437	294 
6438	389 
6439	391 
6440	145 
6441	216 
6442	264 
6443	229 
6444	55 
6445	206 
6446	425 
6447	228 
6448	320 
6449	92 
6450	418 
6451	324 
6452	320 
6453	276 
6454	389 
6455	97 
6456	185 
6457	400 
6458	107 
6459	81 
6460	224 
6461	277 
6462	377 
6463	82 
6464	177 
6465	17 
6466	140 
6467	154 
6468	430 
6469	45 
6470	189 
6471	162 
6472	130 
6473	197 
6474	438 
6475	129 
6476	183 
6477	277 
6478	370 
6479	397 
6480	162 
6481	36 
6482	276 
6483	238 
6484	428 
6485	382 
6486	179 
6487	181 
6488	187 
6489	71 
6490	400 
6491	316 
6492	426 
6493	130 
6494	45 
6495	155 
6496	292 
6497	286 
6498	189 
6499	354 
6500	278 
6501	100 
6502	71 
6503	185 
6504	304 
6505	21 
6506	171 
6507	229 
6508	183 
6509	388 
6510	253 
6511	341 
6512	173 
6513	140 
6514	297 
6515	388 
6516	297 
6517	424 
6518	33 
6519	38 
6520	388 
6521	75 
6522	361 
6523	188 
6524	186 
6525	2 
6526	155 
6527	204 
6528	180 
6529	155 
6530	421 
6531	25 
6532	227 
6533	181 
6534	424 
6535	239 
6536	422 
6537	126 
6538	157 
6539	238 
6540	273 
6541	174 
6542	92 
6543	421 
6544	200 
6545	389 
6546	306 
6547	85 
6548	264 
6549	180 
6550	370 
6551	171 
6552	155 
6553	243 
6554	179 
6555	196 
6556	253 
6557	183 
6558	292 
6559	57 
6560	422 
6561	123 
6562	366 
6563	237 
6564	225 
6565	439 
6566	334 
6567	422 
6568	17 
6569	89 
6570	232 
6571	353 
6572	90 
6573	261 
6574	280 
6575	133 
6576	63 
6577	281 
6578	47 
6579	366 
6580	286 
6581	129 
6582	188 
6583	155 
6584	85 
6585	329 
6586	140 
6587	145 
6588	320 
6589	403 
6590	425 
6591	337 
6592	428 
6593	17 
6594	409 
6595	409 
6596	140 
6597	382 
6598	22 
6599	292 
6600	295 
6601	68 
6602	7 
6603	223 
6604	370 
6605	242 
6606	160 
6607	145 
6608	17 
6609	174 
6610	173 
6611	270 
6612	310 
6613	279 
6614	206 
6615	6 
6616	434 
6617	175 
6618	360 
6619	384 
6620	7 
6621	59 
6622	208 
6623	201 
6624	64 
6625	141 
6626	147 
6627	318 
6628	351 
6629	191 
6630	190 
6631	190 
6632	341 
6633	436 
6634	54 
6635	105 
6636	105 
6637	296 
6638	129 
6639	302 
6640	372 
6641	425 
6642	92 
6643	190 
6644	21 
6645	296 
6646	324 
6647	247 
6648	280 
6649	286 
6650	162 
6651	197 
6652	260 
6653	320 
6654	390 
6655	174 
6656	242 
6657	270 
6658	117 
6659	84 
6660	103 
6661	128 
6662	400 
6663	90 
6664	160 
6665	25 
6666	295 
6667	282 
6668	215 
6669	354 
6670	310 
6671	265 
6672	5 
6673	123 
6674	243 
6675	277 
6676	186 
6677	336 
6678	162 
6679	362 
6680	264 
6681	107 
6682	3 
6683	181 
6684	270 
6685	270 
6686	208 
6687	317 
6688	196 
6689	371 
6690	75 
6691	55 
6692	59 
6693	276 
6694	353 
6695	377 
6696	175 
6697	82 
6698	93 
6699	299 
6700	425 
6701	14 
6702	76 
6703	299 
6704	306 
6705	123 
6706	360 
6707	163 
6708	419 
6709	45 
6710	84 
6711	223 
6712	326 
6713	31 
6714	196 
6715	362 
6716	225 
6717	171 
6718	53 
6719	360 
6720	106 
6721	163 
6722	323 
6723	351 
6724	356 
6725	21 
6726	188 
6727	130 
6728	410 
6729	45 
6730	28 
6731	270 
6732	171 
6733	232 
6734	379 
6735	264 
6736	391 
6737	233 
6738	227 
6739	389 
6740	430 
6741	379 
6742	336 
6743	430 
6744	319 
6745	75 
6746	127 
6747	99 
6748	306 
6749	421 
6750	303 
6751	93 
6752	316 
6753	292 
6754	76 
6755	77 
6756	127 
6757	380 
6758	174 
6759	220 
6760	371 
6761	190 
6762	196 
6763	104 
6764	295 
6765	227 
6766	227 
6767	153 
6768	380 
6769	223 
6770	380 
6771	224 
6772	402 
6773	282 
6774	370 
6775	71 
6776	232 
6777	406 
6778	128 
6779	334 
6780	313 
6781	13 
6782	233 
6783	356 
6784	276 
6785	106 
6786	412 
6787	161 
6788	206 
6789	322 
6790	31 
6791	396 
6792	157 
6793	332 
6794	438 
6795	82 
6796	261 
6797	391 
6798	371 
6799	87 
6800	125 
6801	306 
6802	92 
6803	171 
6804	214 
6805	7 
6806	123 
6807	436 
6808	282 
6809	145 
6810	93 
6811	126 
6812	177 
6813	402 
6814	418 
6815	245 
6816	415 
6817	354 
6818	233 
6819	292 
6820	302 
6821	119 
6822	77 
6823	242 
6824	183 
6825	409 
6826	140 
6827	112 
6828	45 
6829	229 
6830	417 
6831	303 
6832	299 
6833	45 
6834	276 
6835	316 
6836	31 
6837	38 
6838	386 
6839	354 
6840	88 
6841	262 
6842	248 
6843	75 
6844	130 
6845	121 
6846	20 
6847	140 
6848	308 
6849	119 
6850	438 
6851	188 
6852	97 
6853	90 
6854	425 
6855	64 
6856	248 
6857	197 
6858	368 
6859	324 
6860	189 
6861	119 
6862	379 
6863	334 
6864	398 
6865	54 
6866	359 
6867	112 
6868	265 
6869	38 
6870	439 
6871	200 
6872	161 
6873	390 
6874	186 
6875	438 
6876	294 
6877	59 
6878	354 
6879	141 
6880	239 
6881	177 
6882	391 
6883	215 
6884	116 
6885	319 
6886	278 
6887	13 
6888	64 
6889	112 
6890	261 
6891	75 
6892	20 
6893	106 
6894	84 
6895	262 
6896	297 
6897	181 
6898	173 
6899	297 
6900	319 
6901	36 
6902	21 
6903	77 
6904	261 
6905	154 
6906	115 
6907	63 
6908	93 
6909	379 
6910	329 
6911	118 
6912	109 
6913	311 
6914	420 
6915	279 
6916	396 
6917	16 
6918	389 
6919	198 
6920	329 
6921	95 
6922	363 
6923	45 
6924	423 
6925	153 
6926	173 
6927	238 
6928	421 
6929	341 
6930	7 
6931	216 
6932	409 
6933	19 
6934	130 
6935	265 
6936	341 
6937	6 
6938	277 
6939	330 
6940	217 
6941	369 
6942	125 
6943	299 
6944	19 
6945	149 
6946	220 
6947	388 
6948	112 
6949	370 
6950	88 
6951	294 
6952	71 
6953	71 
6954	127 
6955	334 
6956	163 
6957	323 
6958	428 
6959	265 
6960	123 
6961	248 
6962	128 
6963	84 
6964	414 
6965	277 
6966	299 
6967	90 
6968	208 
6969	380 
6970	179 
6971	265 
6972	63 
6973	186 
6974	380 
6975	317 
6976	7 
6977	422 
6978	341 
6979	386 
6980	19 
6981	320 
6982	313 
6983	21 
6984	104 
6985	175 
6986	407 
6987	48 
6988	418 
6989	103 
6990	141 
6991	395 
6992	225 
6993	368 
6994	352 
6995	344 
6996	198 
6997	243 
6998	107 
6999	19 
7000	155 
7001	107 
7002	106 
7003	286 
7004	430 
7005	171 
7006	291 
7007	187 
7008	330 
7009	198 
7010	104 
7011	189 
7012	278 
7013	63 
7014	371 
7015	341 
7016	21 
7017	396 
7018	19 
7019	214 
7020	365 
7021	303 
7022	76 
7023	313 
7024	215 
7025	201 
7026	145 
7027	163 
7028	36 
7029	7 
7030	36 
7031	190 
7032	409 
7033	20 
7034	64 
7035	232 
7036	141 
7037	46 
7038	163 
7039	84 
7040	303 
7041	354 
7042	389 
7043	191 
7044	191 
7045	210 
7046	436 
7047	140 
7048	373 
7049	181 
7050	163 
7051	247 
7052	225 
7053	352 
7054	316 
7055	304 
7056	57 
7057	407 
7058	336 
7059	353 
7060	439 
7061	399 
7062	223 
7063	214 
7064	319 
7065	179 
7066	360 
7067	84 
7068	217 
7069	360 
7070	398 
7071	373 
7072	223 
7073	423 
7074	54 
7075	380 
7076	432 
7077	225 
7078	126 
7079	291 
7080	159 
7081	313 
7082	243 
7083	323 
7084	204 
7085	87 
7086	311 
7087	286 
7088	277 
7089	261 
7090	353 
7091	53 
7092	92 
7093	203 
7094	153 
7095	262 
7096	19 
7097	409 
7098	278 
7099	220 
7100	87 
7101	428 
7102	236 
7103	415 
7104	324 
7105	280 
7106	88 
7107	99 
7108	203 
7109	276 
7110	237 
7111	57 
7112	411 
7113	299 
7114	423 
7115	185 
7116	420 
7117	302 
7118	107 
7119	38 
7120	359 
7121	104 
7122	85 
7123	177 
7124	46 
7125	191 
7126	99 
7127	366 
7128	22 
7129	362 
7130	363 
7131	115 
7132	155 
7133	141 
7134	39 
7135	117 
7136	174 
7137	201 
7138	359 
7139	13 
7140	363 
7141	21 
7142	332 
7143	380 
7144	381 
7145	252 
7146	103 
7147	297 
7148	363 
7149	363 
7150	87 
7151	187 
7152	438 
7153	126 
7154	185 
7155	64 
7156	248 
7157	30 
7158	303 
7159	171 
7160	359 
7161	323 
7162	19 
7163	296 
7164	261 
7165	262 
7166	54 
7167	362 
7168	438 
7169	208 
7170	279 
7171	228 
7172	412 
7173	92 
7174	155 
7175	129 
7176	326 
7177	310 
7178	113 
7179	185 
7180	232 
7181	351 
7182	409 
7183	439 
7184	190 
7185	344 
7186	147 
7187	341 
7188	356 
7189	391 
7190	143 
7191	99 
7192	402 
7193	93 
7194	417 
7195	389 
7196	411 
7197	189 
7198	302 
7199	332 
7200	329 
7201	344 
7202	215 
7203	208 
7204	237 
7205	389 
7206	424 
7207	189 
7208	420 
7209	141 
7210	352 
7211	337 
7212	362 
7213	303 
7214	338 
7215	425 
7216	177 
7217	304 
7218	246 
7219	186 
7220	186 
7221	201 
7222	60 
7223	37 
7224	279 
7225	276 
7226	188 
7227	107 
7228	277 
7229	85 
7230	160 
7231	33 
7232	428 
7233	303 
7234	190 
7235	174 
7236	406 
7237	354 
7238	329 
7239	421 
7240	29 
7241	398 
7242	224 
7243	356 
7244	188 
7245	430 
7246	297 
7247	415 
7248	422 
7249	336 
7250	153 
7251	181 
7252	46 
7253	395 
7254	113 
7255	197 
7256	181 
7257	7 
7258	186 
7259	324 
7260	395 
7261	171 
7262	290 
7263	204 
7264	290 
7265	159 
7266	153 
7267	63 
7268	229 
7269	237 
7270	377 
7271	424 
7272	302 
7273	262 
7274	140 
7275	217 
7276	389 
7277	67 
7278	76 
7279	20 
7280	189 
7281	28 
7282	337 
7283	113 
7284	191 
7285	22 
7286	243 
7287	334 
7288	57 
7289	256 
7290	329 
7291	391 
7292	369 
7293	246 
7294	198 
7295	366 
7296	127 
7297	322 
7298	155 
7299	71 
7300	192 
7301	97 
7302	76 
7303	315 
7304	228 
7305	373 
7306	243 
7307	317 
7308	99 
7309	344 
7310	143 
7311	429 
7312	72 
7313	36 
7314	123 
7315	153 
7316	130 
7317	366 
7318	203 
7319	320 
7320	229 
7321	71 
7322	329 
7323	67 
7324	55 
7325	310 
7326	200 
7327	109 
7328	76 
7329	410 
7330	186 
7331	171 
7332	280 
7333	187 
7334	244 
7335	320 
7336	279 
7337	162 
7338	84 
7339	20 
7340	351 
7341	338 
7342	303 
7343	55 
7344	409 
7345	77 
7346	228 
7347	290 
7348	311 
7349	264 
7350	317 
7351	173 
7352	386 
7353	409 
7354	223 
7355	363 
7356	147 
7357	389 
7358	246 
7359	192 
7360	67 
7361	429 
7362	7 
7363	425 
7364	145 
7365	126 
7366	149 
7367	424 
7368	299 
7369	53 
7370	183 
7371	162 
7372	380 
7373	92 
7374	89 
7375	171 
7376	16 
7377	438 
7378	13 
7379	261 
7380	90 
7381	292 
7382	191 
7383	143 
7384	313 
7385	376 
7386	279 
7387	215 
7388	186 
7389	198 
7390	359 
7391	337 
7392	320 
7393	174 
7394	104 
7395	388 
7396	411 
7397	423 
7398	428 
7399	143 
7400	389 
7401	143 
7402	438 
7403	310 
7404	106 
7405	382 
7406	21 
7407	187 
7408	67 
7409	105 
7410	353 
7411	383 
7412	336 
7413	280 
7414	381 
7415	224 
7416	244 
7417	238 
7418	115 
7419	415 
7420	407 
7421	84 
7422	324 
7423	229 
7424	30 
7425	186 
7426	399 
7427	147 
7428	149 
7429	149 
7430	206 
7431	33 
7432	113 
7433	181 
7434	428 
7435	61 
7436	31 
7437	322 
7438	129 
7439	311 
7440	185 
7441	203 
7442	201 
7443	175 
7444	5 
7445	216 
7446	399 
7447	155 
7448	323 
7449	149 
7450	227 
7451	103 
7452	173 
7453	117 
7454	89 
7455	196 
7456	214 
7457	396 
7458	243 
7459	33 
7460	90 
7461	7 
7462	371 
7463	183 
7464	87 
7465	410 
7466	246 
7467	225 
7468	299 
7469	337 
7470	5 
7471	411 
7472	84 
7473	229 
7474	314 
7475	415 
7476	97 
7477	104 
7478	161 
7479	366 
7480	380 
7481	189 
7482	127 
7483	297 
7484	351 
7485	115 
7486	418 
7487	390 
7488	201 
7489	315 
7490	341 
7491	130 
7492	106 
7493	29 
7494	425 
7495	210 
7496	430 
7497	262 
7498	163 
7499	360 
7500	214 
7501	46 
7502	319 
7503	76 
7504	310 
7505	391 
7506	299 
7507	30 
7508	336 
7509	106 
7510	380 
7511	429 
7512	107 
7513	233 
7514	201 
7515	63 
7516	191 
7517	63 
7518	174 
7519	256 
7520	97 
7521	16 
7522	224 
7523	128 
7524	89 
7525	39 
7526	204 
7527	418 
7528	126 
7529	140 
7530	317 
7531	238 
7532	223 
7533	189 
7534	174 
7535	63 
7536	106 
7537	63 
7538	282 
7539	396 
7540	128 
7541	77 
7542	239 
7543	232 
7544	279 
7545	229 
7546	286 
7547	85 
7548	351 
7549	196 
7550	201 
7551	75 
7552	313 
7553	189 
7554	246 
7555	299 
7556	386 
7557	233 
7558	371 
7559	117 
7560	77 
7561	306 
7562	244 
7563	197 
7564	238 
7565	421 
7566	369 
7567	319 
7568	112 
7569	313 
7570	397 
7571	233 
7572	391 
7573	154 
7574	22 
7575	256 
7576	252 
7577	48 
7578	418 
7579	244 
7580	276 
7581	244 
7582	159 
7583	297 
7584	97 
7585	316 
7586	99 
7587	112 
7588	314 
7589	162 
7590	418 
7591	143 
7592	159 
7593	419 
7594	96 
7595	237 
7596	33 
7597	48 
7598	88 
7599	391 
7600	422 
7601	188 
7602	390 
7603	233 
7604	420 
7605	33 
7606	130 
7607	192 
7608	316 
7609	324 
7610	380 
7611	306 
7612	336 
7613	359 
7614	29 
7615	323 
7616	16 
7617	391 
7618	386 
7619	418 
7620	425 
7621	99 
7622	29 
7623	369 
7624	237 
7625	190 
7626	92 
7627	159 
7628	113 
7629	30 
7630	203 
7631	104 
7632	107 
7633	6 
7634	22 
7635	201 
7636	107 
7637	296 
7638	281 
7639	5 
7640	192 
7641	381 
7642	233 
7643	173 
7644	186 
7645	395 
7646	173 
7647	224 
7648	215 
7649	126 
7650	22 
7651	97 
7652	90 
7653	31 
7654	419 
7655	425 
7656	115 
7657	243 
7658	36 
7659	438 
7660	92 
7661	371 
7662	282 
7663	376 
7664	188 
7665	123 
7666	183 
7667	82 
7668	238 
7669	200 
7670	414 
7671	90 
7672	390 
7673	334 
7674	204 
7675	420 
7676	87 
7677	63 
7678	281 
7679	225 
7680	332 
7681	273 
7682	238 
7683	265 
7684	371 
7685	353 
7686	154 
7687	244 
7688	90 
7689	72 
7690	223 
7691	430 
7692	92 
7693	352 
7694	180 
7695	310 
7696	201 
7697	75 
7698	334 
7699	383 
7700	238 
7701	323 
7702	157 
7703	377 
7704	177 
7705	63 
7706	130 
7707	224 
7708	147 
7709	54 
7710	109 
7711	217 
7712	225 
7713	281 
7714	273 
7715	291 
7716	29 
7717	72 
7718	224 
7719	227 
7720	99 
7721	192 
7722	127 
7723	57 
7724	163 
7725	294 
7726	129 
7727	155 
7728	19 
7729	215 
7730	112 
7731	338 
7732	429 
7733	30 
7734	399 
7735	429 
7736	5 
7737	30 
7738	420 
7739	278 
7740	16 
7741	228 
7742	354 
7743	247 
7744	314 
7745	92 
7746	279 
7747	233 
7748	370 
7749	353 
7750	306 
7751	39 
7752	423 
7753	356 
7754	197 
7755	72 
7756	359 
7757	316 
7758	332 
7759	183 
7760	16 
7761	336 
7762	216 
7763	216 
7764	278 
7765	286 
7766	191 
7767	76 
7768	326 
7769	200 
7770	315 
7771	130 
7772	163 
7773	391 
7774	341 
7775	53 
7776	286 
7777	183 
7778	324 
7779	113 
7780	391 
7781	123 
7782	149 
7783	123 
7784	344 
7785	106 
7786	329 
7787	227 
7788	204 
7789	280 
7790	315 
7791	323 
7792	247 
7793	280 
7794	306 
7795	422 
7796	292 
7797	396 
7798	157 
7799	157 
7800	186 
7801	175 
7802	395 
7803	220 
7804	351 
7805	203 
7806	223 
7807	160 
7808	30 
7809	90 
7810	414 
7811	217 
7812	109 
7813	14 
7814	238 
7815	296 
7816	395 
7817	304 
7818	369 
7819	188 
7820	379 
7821	88 
7822	410 
7823	390 
7824	291 
7825	99 
7826	217 
7827	377 
7828	153 
7829	354 
7830	377 
7831	104 
7832	302 
7833	396 
7834	64 
7835	197 
7836	210 
7837	192 
7838	88 
7839	71 
7840	177 
7841	402 
7842	303 
7843	216 
7844	159 
7845	420 
7846	187 
7847	143 
7848	173 
7849	419 
7850	373 
7851	237 
7852	319 
7853	115 
7854	85 
7855	286 
7856	198 
7857	179 
7858	238 
7859	261 
7860	103 
7861	72 
7862	72 
7863	89 
7864	5 
7865	160 
7866	54 
7867	227 
7868	174 
7869	326 
7870	57 
7871	29 
7872	373 
7873	390 
7874	402 
7875	29 
7876	186 
7877	99 
7878	123 
7879	180 
7880	104 
7881	247 
7882	210 
7883	223 
7884	7 
7885	181 
7886	13 
7887	362 
7888	225 
7889	273 
7890	395 
7891	204 
7892	89 
7893	171 
7894	28 
7895	113 
7896	341 
7897	281 
7898	415 
7899	89 
7900	183 
7901	38 
7902	19 
7903	399 
7904	180 
7905	39 
7906	243 
7907	177 
7908	391 
7909	190 
7910	63 
7911	163 
7912	352 
7913	19 
7914	97 
7915	297 
7916	273 
7917	203 
7918	14 
7919	261 
7920	290 
7921	215 
7922	351 
7923	410 
7924	215 
7925	323 
7926	353 
7927	324 
7928	191 
7929	225 
7930	128 
7931	14 
7932	159 
7933	220 
7934	438 
7935	201 
7936	302 
7937	203 
7938	127 
7939	296 
7940	252 
7941	388 
7942	217 
7943	162 
7944	326 
7945	428 
7946	29 
7947	19 
7948	352 
7949	149 
7950	313 
7951	314 
7952	316 
7953	334 
7954	302 
7955	362 
7956	233 
7957	216 
7958	99 
7959	324 
7960	173 
7961	71 
7962	382 
7963	203 
7964	399 
7965	382 
7966	264 
7967	409 
7968	154 
7969	265 
7970	390 
7971	104 
7972	379 
7973	329 
7974	117 
7975	99 
7976	6 
7977	264 
7978	351 
7979	377 
7980	302 
7981	175 
7982	201 
7983	423 
7984	371 
7985	160 
7986	183 
7987	201 
7988	373 
7989	237 
7990	324 
7991	316 
7992	391 
7993	238 
7994	291 
7995	273 
7996	201 
7997	192 
7998	190 
7999	55 
8000	418 
8001	319 
8002	180 
8003	320 
8004	264 
8005	238 
8006	113 
8007	323 
8008	397 
8009	423 
8010	409 
8011	421 
8012	292 
8013	106 
8014	279 
8015	55 
8016	429 
8017	344 
8018	90 
8019	246 
8020	96 
8021	217 
8022	192 
8023	92 
8024	113 
8025	30 
8026	103 
8027	273 
8028	105 
8029	295 
8030	296 
8031	220 
8032	13 
8033	106 
8034	359 
8035	105 
8036	425 
8037	7 
8038	246 
8039	320 
8040	171 
8041	352 
8042	53 
8043	379 
8044	3 
8045	246 
8046	33 
8047	360 
8048	360 
8049	302 
8050	276 
8051	208 
8052	20 
8053	291 
8054	87 
8055	130 
8056	127 
8057	256 
8058	190 
8059	20 
8060	280 
8061	127 
8062	363 
8063	291 
8064	99 
8065	220 
8066	341 
8067	277 
8068	369 
8069	351 
8070	369 
8071	85 
8072	107 
8073	415 
8074	391 
8075	310 
8076	304 
8077	313 
8078	183 
8079	179 
8080	71 
8081	319 
8082	39 
8083	373 
8084	22 
8085	216 
8086	371 
8087	323 
8088	160 
8089	123 
8090	22 
8091	180 
8092	397 
8093	217 
8094	115 
8095	306 
8096	313 
8097	429 
8098	337 
8099	84 
8100	409 
8101	262 
8102	314 
8103	36 
8104	246 
8105	163 
8106	344 
8107	281 
8108	277 
8109	351 
8110	160 
8111	53 
8112	396 
8113	92 
8114	421 
8115	203 
8116	19 
8117	75 
8118	174 
8119	414 
8120	386 
8121	316 
8122	76 
8123	20 
8124	380 
8125	159 
8126	75 
8127	55 
8128	292 
8129	103 
8130	143 
8131	46 
8132	22 
8133	123 
8134	292 
8135	190 
8136	103 
8137	160 
8138	363 
8139	179 
8140	297 
8141	336 
8142	362 
8143	366 
8144	75 
8145	216 
8146	256 
8147	317 
8148	425 
8149	415 
8150	54 
8151	310 
8152	316 
8153	353 
8154	360 
8155	39 
8156	5 
8157	256 
8158	173 
8159	153 
8160	215 
8161	317 
8162	244 
8163	281 
8164	329 
8165	395 
8166	220 
8167	429 
8168	356 
8169	210 
8170	191 
8171	160 
8172	16 
8173	313 
8174	329 
8175	338 
8176	19 
8177	36 
8178	46 
8179	147 
8180	370 
8181	273 
8182	362 
8183	439 
8184	295 
8185	87 
8186	55 
8187	395 
8188	304 
8189	381 
8190	398 
8191	256 
8192	171 
8193	344 
8194	89 
8195	397 
8196	96 
8197	294 
8198	237 
8199	429 
8200	63 
8201	381 
8202	200 
8203	63 
8204	420 
8205	107 
8206	381 
8207	395 
8208	380 
8209	159 
8210	319 
8211	153 
8212	390 
8213	227 
8214	227 
8215	398 
8216	324 
8217	391 
8218	85 
8219	415 
8220	233 
8221	233 
8222	381 
8223	19 
8224	96 
8225	409 
8226	189 
8227	159 
8228	99 
8229	316 
8230	329 
8231	20 
8232	381 
8233	297 
8234	396 
8235	380 
8236	352 
8237	410 
8238	423 
8239	326 
8240	317 
8241	105 
8242	14 
8243	54 
8244	366 
8245	261 
8246	306 
8247	370 
8248	140 
8249	359 
8250	292 
8251	319 
8252	261 
8253	428 
8254	439 
8255	315 
8256	418 
8257	55 
8258	317 
8259	409 
8260	196 
8261	317 
8262	155 
8263	410 
8264	177 
8265	53 
8266	273 
8267	96 
8268	228 
8269	326 
8270	140 
8271	247 
8272	126 
8273	310 
8274	390 
8275	175 
8276	76 
8277	429 
8278	277 
8279	395 
8280	123 
8281	206 
8282	143 
8283	90 
8284	160 
8285	57 
8286	3 
8287	281 
8288	320 
8289	33 
8290	115 
8291	326 
8292	281 
8293	88 
8294	282 
8295	238 
8296	391 
8297	399 
8298	147 
8299	360 
8300	362 
8301	75 
8302	314 
8303	439 
8304	143 
8305	424 
8306	72 
8307	215 
8308	303 
8309	126 
8310	5 
8311	338 
8312	336 
8313	290 
8314	96 
8315	215 
8316	256 
8317	232 
8318	227 
8319	352 
8320	53 
8321	329 
8322	363 
8323	183 
8324	429 
8325	180 
8326	104 
8327	224 
8328	326 
8329	391 
8330	30 
8331	290 
8332	123 
8333	377 
8334	173 
8335	439 
8336	92 
8337	324 
8338	414 
8339	276 
8340	30 
8341	381 
8342	415 
8343	337 
8344	20 
8345	191 
8346	33 
8347	16 
8348	201 
8349	223 
8350	179 
8351	173 
8352	126 
8353	96 
8354	5 
8355	273 
8356	363 
8357	246 
8358	203 
8359	214 
8360	3 
8361	143 
8362	75 
8363	20 
8364	204 
8365	388 
8366	299 
8367	175 
8368	113 
8369	310 
8370	244 
8371	106 
8372	356 
8373	282 
8374	223 
8375	315 
8376	3 
8377	126 
8378	232 
8379	369 
8380	180 
8381	386 
8382	215 
8383	215 
8384	381 
8385	371 
8386	162 
8387	291 
8388	286 
8389	183 
8390	429 
8391	315 
8392	381 
8393	174 
8394	76 
8395	196 
8396	39 
8397	229 
8398	129 
8399	425 
8400	264 
8401	352 
8402	366 
8403	53 
8404	88 
8405	247 
8406	247 
8407	371 
8408	317 
8409	396 
8410	175 
8411	38 
8412	264 
8413	398 
8414	391 
8415	315 
8416	129 
8417	395 
8418	92 
8419	92 
8420	220 
8421	352 
8422	362 
8423	181 
8424	39 
8425	160 
8426	402 
8427	438 
8428	264 
8429	237 
8430	179 
8431	276 
8432	422 
8433	243 
8434	36 
8435	273 
8436	105 
8437	13 
8438	143 
8439	314 
8440	363 
8441	216 
8442	13 
8443	104 
8444	113 
8445	329 
8446	189 
8447	420 
8448	382 
8449	160 
8450	337 
8451	261 
8452	336 
8453	290 
8454	429 
8455	391 
8456	36 
8457	273 
8458	220 
8459	396 
8460	294 
8461	291 
8462	409 
8463	130 
8464	246 
8465	410 
8466	369 
8467	246 
8468	370 
8469	215 
8470	315 
8471	14 
8472	423 
8473	379 
8474	317 
8475	439 
8476	317 
8477	39 
8478	220 
8479	383 
8480	71 
8481	130 
8482	247 
8483	359 
8484	186 
8485	189 
8486	424 
8487	352 
8488	130 
8489	225 
8490	36 
8491	159 
8492	117 
8493	22 
8494	190 
8495	96 
8496	115 
8497	33 
8498	162 
8499	53 
8500	380 
8501	171 
8502	31 
8503	171 
8504	282 
8505	294 
8506	424 
8507	89 
8508	247 
8509	14 
8510	104 
8511	306 
8512	84 
8513	186 
8514	55 
8515	366 
8516	273 
8517	22 
8518	246 
8519	57 
8520	88 
8521	208 
8522	418 
8523	233 
8524	216 
8525	261 
8526	363 
8527	438 
8528	215 
8529	344 
8530	183 
8531	126 
8532	299 
8533	237 
8534	39 
8535	177 
8536	57 
8537	276 
8538	296 
8539	381 
8540	29 
8541	153 
8542	128 
8543	104 
8544	224 
8545	109 
8546	216 
8547	55 
8548	63 
8549	105 
8550	208 
8551	189 
8552	89 
8553	90 
8554	153 
8555	191 
8556	388 
8557	76 
8558	215 
8559	382 
8560	315 
8561	22 
8562	383 
8563	233 
8564	189 
8565	7 
8566	232 
8567	397 
8568	430 
8569	126 
8570	391 
8571	155 
8572	264 
8573	206 
8574	291 
8575	57 
8576	314 
8577	192 
8578	29 
8579	396 
8580	123 
8581	36 
8582	46 
8583	390 
8584	181 
8585	183 
8586	105 
8587	297 
8588	7 
8589	294 
8590	386 
8591	315 
8592	127 
8593	398 
8594	99 
8595	130 
8596	206 
8597	109 
8598	306 
8599	155 
8600	206 
8601	294 
8602	297 
8603	294 
8604	192 
8605	359 
8606	159 
8607	409 
8608	396 
8609	382 
8610	127 
8611	429 
8612	337 
8613	359 
8614	395 
8615	273 
8616	38 
8617	320 
8618	352 
8619	88 
8620	107 
8621	388 
8622	5 
8623	113 
8624	414 
8625	363 
8626	90 
8627	227 
8628	299 
8629	175 
8630	20 
8631	160 
8632	14 
8633	299 
8634	247 
8635	175 
8636	229 
8637	291 
8638	381 
8639	107 
8640	246 
8641	179 
8642	38 
8643	352 
8644	317 
8645	143 
8646	264 
8647	88 
8648	247 
8649	155 
8650	189 
8651	229 
8652	72 
8653	39 
8654	22 
8655	129 
8656	314 
8657	423 
8658	351 
8659	36 
8660	344 
8661	418 
8662	106 
8663	171 
8664	99 
8665	296 
8666	173 
8667	273 
8668	191 
8669	171 
8670	117 
8671	344 
8672	391 
8673	421 
8674	126 
8675	421 
8676	72 
8677	105 
8678	117 
8679	203 
8680	16 
8681	204 
8682	155 
8683	410 
8684	38 
8685	429 
8686	320 
8687	369 
8688	162 
8689	175 
8690	395 
8691	306 
8692	353 
8693	227 
8694	315 
8695	206 
8696	246 
8697	297 
8698	90 
8699	160 
8700	206 
8701	371 
8702	99 
8703	53 
8704	224 
8705	75 
8706	103 
8707	229 
8708	299 
8709	421 
8710	439 
8711	237 
8712	75 
8713	107 
8714	220 
8715	191 
8716	72 
8717	246 
8718	36 
8719	29 
8720	76 
8721	175 
8722	159 
8723	414 
8724	130 
8725	363 
8726	410 
8727	423 
8728	106 
8729	22 
8730	303 
8731	57 
8732	229 
8733	397 
8734	214 
8735	84 
8736	237 
8737	344 
8738	159 
8739	153 
8740	291 
8741	105 
8742	117 
8743	430 
8744	381 
8745	281 
8746	215 
8747	388 
8748	229 
8749	117 
8750	303 
8751	310 
8752	294 
8753	421 
8754	90 
8755	299 
8756	117 
8757	33 
8758	214 
8759	430 
8760	281 
8761	397 
8762	296 
8763	140 
8764	261 
8765	129 
8766	386 
8767	421 
8768	282 
8769	126 
8770	282 
8771	360 
8772	208 
8773	153 
8774	155 
8775	359 
8776	337 
8777	371 
8778	183 
8779	75 
8780	371 
8781	201 
8782	191 
8783	337 
8784	33 
8785	233 
8786	215 
8787	223 
8788	317 
8789	126 
8790	188 
8791	386 
8792	163 
8793	398 
8794	224 
8795	391 
8796	299 
8797	439 
8798	206 
8799	363 
8800	382 
8801	173 
8802	128 
8803	306 
8804	421 
8805	155 
8806	423 
8807	386 
8808	383 
8809	338 
8810	388 
8811	173 
8812	177 
8813	191 
8814	109 
8815	227 
8816	107 
8817	214 
8818	104 
8819	129 
8820	360 
8821	423 
8822	276 
8823	337 
8824	130 
8825	423 
8826	103 
8827	36 
8828	246 
8829	22 
8830	204 
8831	425 
8832	247 
8833	386 
8834	109 
8835	261 
8836	174 
8837	20 
8838	363 
8839	232 
8840	174 
8841	398 
8842	391 
8843	20 
8844	430 
8845	247 
8846	103 
8847	243 
8848	314 
8849	162 
8850	179 
8851	337 
8852	126 
8853	107 
8854	29 
8855	310 
8856	396 
8857	229 
8858	123 
8859	204 
8860	99 
8861	314 
8862	399 
8863	5 
8864	379 
8865	163 
8866	171 
8867	29 
8868	39 
8869	201 
8870	174 
8871	57 
8872	329 
8873	39 
8874	261 
8875	296 
8876	399 
8877	296 
8878	87 
8879	244 
8880	229 
8881	188 
8882	160 
8883	398 
8884	174 
8885	414 
8886	75 
8887	246 
8888	383 
8889	276 
8890	177 
8891	430 
8892	173 
8893	233 
8894	386 
8895	227 
8896	162 
8897	247 
8898	423 
8899	5 
8900	244 
8901	123 
8902	317 
8903	20 
8904	140 
8905	186 
8906	362 
8907	303 
8908	155 
8909	425 
8910	246 
8911	351 
8912	103 
8913	177 
8914	87 
8915	174 
8916	290 
8917	429 
8918	107 
8919	386 
8920	174 
8921	306 
8922	362 
8923	29 
8924	296 
8925	179 
8926	175 
8927	238 
8928	243 
8929	421 
8930	173 
8931	410 
8932	143 
8933	398 
8934	317 
8935	92 
8936	389 
8937	273 
8938	126 
8939	7 
8940	294 
8941	20 
8942	229 
8943	243 
8944	303 
8945	297 
8946	233 
8947	353 
8948	306 
8949	22 
8950	425 
8951	224 
8952	123 
8953	5 
8954	360 
8955	92 
8956	310 
8957	186 
8958	398 
8959	383 
8960	105 
8961	429 
8962	123 
8963	264 
8964	190 
8965	5 
8966	397 
8967	362 
8968	160 
8969	396 
8970	238 
8971	359 
8972	425 
8973	190 
8974	76 
8975	395 
8976	174 
8977	314 
8978	159 
8979	320 
8980	208 
8981	103 
8982	57 
8983	179 
8984	220 
8985	191 
8986	214 
8987	191 
8988	175 
8989	383 
8990	190 
8991	238 
8992	109 
8993	84 
8994	429 
8995	204 
8996	5 
8997	381 
8998	362 
8999	383 
9000	244 
9001	220 
9002	7 
9003	123 
9004	214 
9005	175 
9006	162 
9007	173 
9008	155 
9009	397 
9010	363 
9011	227 
9012	20 
9013	246 
9014	75 
9015	429 
9016	421 
9017	261 
9018	303 
9019	420 
9020	395 
9021	388 
9022	424 
9023	107 
9024	429 
9025	208 
9026	229 
9027	363 
9028	191 
9029	399 
9030	232 
9031	215 
9032	294 
9033	388 
9034	20 
9035	155 
9036	398 
9037	410 
9038	76 
9039	290 
9040	420 
9041	57 
9042	397 
9043	160 
9044	160 
9045	22 
9046	87 
9047	353 
9048	273 
9049	369 
9050	439 
9051	320 
9052	232 
9053	246 
9054	232 
9055	247 
9056	5 
9057	107 
9058	338 
9059	390 
9060	153 
9061	76 
9062	224 
9063	143 
9064	143 
9065	84 
9066	243 
9067	390 
9068	424 
9069	173 
9070	75 
9071	371 
9072	140 
9073	421 
9074	20 
9075	261 
9076	380 
9077	388 
9078	129 
9079	87 
9080	171 
9081	14 
9082	75 
9083	14 
9084	220 
9085	220 
9086	232 
9087	229 
9088	229 
9089	220 
9090	7 
9091	314 
9092	425 
9093	398 
9094	153 
9095	130 
9096	418 
9097	264 
9098	320 
9099	425 
9100	439 
9101	22 
9102	429 
9103	224 
9104	39 
9105	159 
9106	7 
9107	173 
9108	399 
9109	290 
9110	128 
9111	155 
9112	369 
9113	179 
9114	113 
9115	397 
9116	397 
9117	381 
9118	282 
9119	113 
9120	299 
9121	369 
9122	410 
9123	160 
9124	173 
9125	273 
9126	105 
9127	20 
9128	329 
9129	229 
9130	386 
9131	353 
9132	418 
9133	380 
9134	140 
9135	76 
9136	381 
9137	5 
9138	247 
9139	391 
9140	87 
9141	183 
9142	397 
9143	383 
9144	390 
9145	126 
9146	224 
9147	390 
9148	299 
9149	418 
9150	220 
9151	57 
9152	414 
9153	89 
9154	273 
9155	243 
9156	183 
9157	380 
9158	63 
9159	282 
9160	14 
9161	128 
9162	338 
9163	306 
9164	297 
9165	296 
9166	72 
9167	353 
9168	107 
9169	414 
9170	310 
9171	425 
9172	159 
9173	421 
9174	174 
9175	229 
9176	297 
9177	186 
9178	188 
9179	369 
9180	338 
9181	224 
9182	310 
9183	190 
9184	389 
9185	33 
9186	87 
9187	109 
9188	159 
9189	310 
9190	247 
9191	386 
9192	159 
9193	5 
9194	104 
9195	220 
9196	351 
9197	130 
9198	391 
9199	128 
9200	128 
9201	397 
9202	190 
9203	299 
9204	128 
9205	113 
9206	92 
9207	238 
9208	371 
9209	273 
9210	314 
9211	398 
9212	425 
9213	439 
9214	39 
9215	338 
9216	290 
9217	329 
9218	14 
9219	87 
9220	282 
9221	143 
9222	297 
9223	220 
9224	129 
9225	324 
9226	104 
9227	261 
9228	395 
9229	381 
9230	129 
9231	22 
9232	246 
9233	104 
9234	224 
9235	396 
9236	72 
9237	92 
9238	105 
9239	104 
9240	320 
9241	369 
9242	54 
9243	128 
9244	246 
9245	155 
9246	294 
9247	227 
9248	29 
9249	109 
9250	299 
9251	310 
9252	261 
9253	303 
9254	229 
9255	338 
9256	14 
9257	303 
9258	381 
9259	391 
9260	362 
9261	261 
9262	414 
9263	153 
9264	399 
9265	238 
9266	99 
9267	54 
9268	75 
9269	379 
9270	390 
9271	128 
9272	39 
9273	294 
9274	155 
9275	89 
9276	430 
9277	129 
9278	388 
9279	140 
9280	229 
9281	173 
9282	314 
9283	130 
9284	72 
9285	363 
9286	398 
9287	72 
9288	92 
9289	383 
9290	306 
9291	296 
9292	160 
9293	174 
9294	423 
9295	104 
9296	183 
9297	424 
9298	290 
9299	63 
9300	243 
9301	87 
9302	75 
9303	54 
9304	390 
9305	72 
9306	173 
9307	160 
9308	215 
9309	383 
9310	5 
9311	159 
9312	191 
9313	410 
9314	29 
9315	29 
9316	338 
9317	414 
9318	425 
9319	183 
9320	430 
9321	282 
9322	75 
9323	140 
9324	208 
9325	353 
9326	324 
9327	299 
9328	399 
9329	224 
9330	388 
9331	87 
9332	190 
9333	109 
9334	282 
9335	215 
9336	388 
9337	232 
9338	243 
9339	39 
9340	201 
9341	87 
9342	153 
9343	7 
9344	390 
9345	7 
9346	379 
9347	126 
9348	39 
9349	126 
9350	215 
9351	314 
9352	29 
9353	315 
9354	429 
9355	261 
9356	395 
9357	353 
9358	201 
9359	363 
9360	424 
9361	423 
9362	76 
9363	329 
9364	397 
9365	290 
9366	63 
9367	126 
9368	229 
9369	113 
9370	395 
9371	153 
9372	99 
9373	380 
9374	396 
9375	314 
9376	261 
9377	105 
9378	227 
9379	227 
9380	7 
9381	261 
9382	383 
9383	383 
9384	369 
9385	414 
9386	233 
9387	247 
9388	299 
9389	430 
9390	353 
9391	383 
9392	201 
9393	87 
9394	84 
9395	232 
9396	233 
9397	371 
9398	153 
9399	383 
9400	379 
9401	423 
9402	398 
9403	89 
9404	338 
9405	179 
9406	215 
9407	220 
9408	143 
9409	247 
9410	395 
9411	314 
9412	76 
9413	179 
9414	126 
9415	159 
9416	190 
9417	398 
9418	140 
9419	105 
9420	105 
9421	383 
9422	20 
9423	314 
9424	395 
9425	227 
9426	188 
9427	14 
9428	126 
9429	87 
9430	92 
9431	143 
9432	388 
9433	314 
9434	247 
9435	76 
9436	179 
9437	224 
9438	179 
9439	429 
9440	92 
9441	294 
9442	39 
9443	410 
9444	233 
9445	29 
9446	324 
9447	425 
9448	89 
9449	396 
9450	92 
9451	20 
9452	173 
9453	243 
9454	14 
9455	208 
9456	179 
9457	399 
9458	33 
9459	273 
9460	430 
9461	363 
9462	381 
9463	89 
9464	232 
9465	92 
9466	423 
9467	399 
9468	140 
9469	143 
9470	398 
9471	386 
9472	388 
9473	294 
9474	395 
9475	183 
9476	160 
9477	5 
9478	315 
9479	7 
9480	243 
9481	7 
9482	232 
9483	173 
9484	399 
9485	179 
9486	232 
9487	126 
9488	143 
9489	410 
9490	390 
9491	390 
9492	282 
9493	338 
9494	398 
9495	224 
9496	410 
9497	233 
9498	425 
9499	63 
9500	314 
9501	294 
9502	173 
9503	155 
9504	391 
9505	190 
9506	425 
9507	153 
9508	76 
9509	215 
9510	380 
9511	7 
9512	105 
9513	315 
9514	391 
9515	329 
9516	398 
9517	14 
9518	190 
9519	386 
9520	33 
9521	105 
9522	92 
9523	410 
9524	186 
9525	386 
9526	14 
9527	153 
9528	395 
9529	294 
9530	423 
9531	381 
9532	105 
9533	14 
9534	63 
9535	220 
9536	87 
9537	273 
9538	179 
9539	398 
9540	273 
9541	232 
9542	89 
9543	72 
9544	190 
9545	153 
9546	315 
9547	107 
9548	129 
9549	160 
9550	87 
9551	113 
9552	410 
9553	191 
9554	397 
9555	381 
9556	232 
9557	398 
9558	143 
9559	410 
9560	39 
9561	129 
9562	140 
9563	246 
9564	233 
9565	105 
9566	129 
9567	338 
9568	191 
9569	208 
9570	229 
9571	294 
9572	215 
9573	105 
9574	243 
9575	113 
9576	324 
9577	5 
9578	173 
9579	191 
9580	159 
9581	89 
9582	397 
9583	381 
9584	153 
9585	369 
9586	397 
9587	129 
9588	186 
9589	113 
9590	232 
9591	398 
9592	39 
9593	129 
9594	191 
9595	243 
9596	104 
9597	243 
9598	232 
9599	386 
9600	390 
9601	423 
9602	72 
9603	224 
9604	314 
9605	380 
9606	229 
9607	386 
9608	229 
9609	159 
9610	130 
9611	208 
9612	5 
9613	395 
9614	423 
9615	410 
9616	233 
9617	246 
9618	369 
9619	143 
9620	379 
9621	107 
9622	63 
9623	273 
9624	208 
9625	425 
9626	229 
9627	423 
9628	109 
9629	54 
9630	429 
9631	129 
9632	398 
9633	395 
9634	294 
9635	191 
9636	329 
9637	129 
9638	39 
9639	294 
9640	395 
9641	129 
9642	179 
9643	273 
9644	39 
9645	155 
9646	314 
9647	87 
9648	398 
9649	129 
9650	186 
9651	399 
9652	220 
9653	129 
9654	107 
9655	130 
9656	425 
9657	425 
9658	186 
9659	399 
9660	398 
9661	386 
9662	107 
9663	329 
9664	5 
9665	129 
9666	233 
9667	246 
9668	273 
9669	390 
9670	329 
9671	155 
9672	410 
9673	338 
9674	232 
9675	338 
9676	380 
9677	329 
9678	273 
9679	72 
9680	130 
9681	107 
9682	191 
9683	395 
9684	92 
9685	155 
9686	273 
9687	179 
9688	190 
9689	410 
9690	390 
9691	233 
9692	129 
9693	208 
9694	173 
9695	294 
9696	160 
9697	410 
9698	425 
9699	153 
9700	29 
9701	324 
9702	143 
9703	186 
9704	390 
9705	338 
9706	425 
9707	179 
9708	398 
9709	423 
9710	386 
9711	109 
9712	208 
9713	315 
9714	430 
9715	398 
9716	315 
9717	29 
9718	39 
9719	29 
9720	5 
9721	315 
9722	173 
9723	143 
9724	63 
9725	39 
9726	186 
9727	63 
9728	179 
9729	430 
9730	386 
9731	63 
9732	29 
9733	190 
9734	143 
9735	232 
9736	386 
9737	160 
9738	324 
9739	390 
9740	63 
9741	54 
9742	129 
9743	246 
9744	395 
9745	173 
9746	63 
9747	208 
9748	273 
9749	208 
9750	423 
9751	390 
9752	160 
9753	399 
9754	399 
9755	5 
9756	379 
9757	190 
9758	153 
9759	386 
9760	208 
9761	113 
9762	233 
9763	153 
9764	54 
9765	425 
9766	232 
9767	423 
9768	338 
9769	390 
9770	109 
9771	129 
9772	369 
9773	232 
9774	425 
9775	109 
9776	425 
9777	29 
9778	324 
9779	232 
9780	160 
9781	246 
9782	390 
9783	54 
9784	29 
9785	179 
9786	109 
9787	324 
9788	208 
9789	369 
9790	179 
9791	369 
9792	63 
9793	369 
9794	190 
9795	315 
9796	379 
9797	179 
9798	29 
9799	208 
9800	173 
9801	208 
9802	188 
9803	233 
9804	63 
9805	391 
9806	188 
9807	153 
9808	338 
9809	399 
9810	54 
9811	386 
9812	390 
9813	430 
9814	338 
9815	63 
9816	369 
9817	391 
9818	208 
9819	315 
9820	54 
9821	173 
9822	379 
9823	129 
9824	338 
9825	113 
9826	391 
9827	369 
9828	395 
9829	113 
9830	29 
9831	324 
9832	273 
9833	208 
9834	379 
9835	324 
9836	430 
9837	369 
9838	395 
9839	315 
9840	54 
9841	379 
9842	188 
9843	386 
9844	338 
9845	72 
9846	395 
9847	113 
9848	338 
9849	72 
9850	72 
9851	315 
9852	54 
9853	54 
9854	232 
9855	246 
9856	391 
9857	129 
9858	379 
9859	72 
9860	273 
9861	324 
9862	338 
9863	386 
9864	379 
9865	379 
9866	390 
9867	315 
9868	379 
9869	246 
9870	369 
9871	188 
9872	315 
9873	188 
9874	430 
9875	386 
9876	113 
9877	129 
9878	399 
9879	72 
9880	129 
9881	160 
9882	129 
9883	391 
9884	386 
9885	129 
9886	129 
9887	273 
9888	72 
9889	113 
9890	188 
9891	54 
9892	188 
9893	72 
9894	54 
9895	129 
9896	379 
9897	324 
9898	379 
9899	315 
9900	188 
9901	324 
9902	386 
9903	273 
9904	391 
9905	324 
9906	390 
9907	160 
9908	399 
9909	369 
9910	369 
9911	399 
9912	188 
9913	54 
9914	188 
9915	430 
9916	399 
9917	379 
9918	315 
9919	430 
9920	369 
9921	113 
9922	430 
9923	379 
9924	379 
9925	324 
9926	379 
9927	129 
9928	72 
9929	188 
9930	324 
9931	273 
9932	188 
9933	379 
9934	113 
9935	379 
9936	379 
9937	386 
9938	72 
9939	315 
9940	113 
9941	379 
9942	129 
9943	379 
9944	430 
9945	188 
9946	113 
9947	430 
9948	399 
9949	399 
9950	399 
9951	188 
9952	188 
9953	315 
9954	273 
9955	379 
9956	188 
9957	399 
9958	188 
9959	113 
9960	379 
9961	188 
9962	113 
9963	188 
9964	399 
9965	379 
9966	188 
9967	72 
9968	72 
9969	315 
9970	399 
9971	72 
9972	188 
9973	113 
9974	430 
9975	188 
9976	72 
9977	430 
9978	188 
9979	399 
9980	430 
9981	188 
9982	430 
9983	72 
9984	399 
9985	430 
9986	430 
9987	430 
9988	399 
9989	399 
9990	72 
9991	430 
9992	430 
9993	430 
9994	72 
9995	188 
9996	430 
9997	430 
9998	430 
9999	430 
10000	430 
