1	57 
2	49 
3	9 
4	32 
5	48 
6	37 
7	4 
8	18 
9	1 
10	12 
11	11 
12	42 
13	34 
14	36 
15	31 
16	27 
17	33 
18	14 
19	30 
20	19 
21	39 
22	10 
23	5 
24	54 
25	6 
26	53 
27	19 
28	57 
29	39 
30	29 
31	23 
32	45 
33	34 
34	27 
35	31 
36	12 
37	47 
38	8 
39	20 
40	38 
41	21 
42	14 
43	40 
44	22 
45	34 
46	58 
47	20 
48	7 
49	12 
50	28 
51	14 
52	41 
53	33 
54	1 
55	28 
56	45 
57	57 
58	44 
59	30 
60	12 
61	7 
62	25 
63	18 
64	26 
65	29 
66	36 
67	18 
68	18 
69	15 
70	30 
71	39 
72	39 
73	50 
74	28 
75	12 
76	32 
77	6 
78	15 
79	43 
80	32 
81	10 
82	12 
83	22 
84	21 
85	56 
86	9 
87	30 
88	26 
89	37 
90	12 
91	23 
92	49 
93	14 
94	48 
95	22 
96	57 
97	25 
98	39 
99	30 
100	37 
101	52 
102	30 
103	28 
104	30 
105	17 
106	24 
107	54 
108	8 
109	26 
110	24 
111	16 
112	39 
113	50 
114	9 
115	30 
116	11 
117	22 
118	36 
119	13 
120	8 
121	5 
122	15 
123	30 
124	32 
125	23 
126	16 
127	41 
128	26 
129	4 
130	6 
131	40 
132	43 
133	33 
134	5 
135	6 
136	20 
137	50 
138	57 
139	9 
140	12 
141	12 
142	44 
143	39 
144	55 
145	56 
146	8 
147	4 
148	14 
149	54 
150	14 
151	13 
152	14 
153	27 
154	57 
155	7 
156	54 
157	55 
158	21 
159	22 
160	14 
161	30 
162	52 
163	6 
164	18 
165	50 
166	57 
167	56 
168	44 
169	49 
170	25 
171	16 
172	17 
173	41 
174	33 
175	1 
176	36 
177	14 
178	3 
179	29 
180	21 
181	36 
182	29 
183	33 
184	4 
185	39 
186	7 
187	17 
188	22 
189	25 
190	6 
191	16 
192	53 
193	38 
194	25 
195	17 
196	27 
197	18 
198	58 
199	29 
200	12 
201	29 
202	34 
203	7 
204	10 
205	6 
206	11 
207	21 
208	32 
209	49 
210	6 
211	11 
212	49 
213	29 
214	30 
215	11 
216	29 
217	13 
218	5 
219	14 
220	33 
221	33 
222	49 
223	6 
224	32 
225	9 
226	33 
227	36 
228	32 
229	50 
230	22 
231	37 
232	47 
233	17 
234	21 
235	57 
236	44 
237	12 
238	1 
239	9 
240	50 
241	57 
242	12 
243	55 
244	48 
245	50 
246	12 
247	39 
248	30 
249	56 
250	44 
251	54 
252	1 
253	29 
254	33 
255	27 
256	9 
257	31 
258	18 
259	6 
260	20 
261	2 
262	12 
263	30 
264	50 
265	58 
266	47 
267	57 
268	32 
269	47 
270	21 
271	19 
272	26 
273	32 
274	11 
275	44 
276	2 
277	32 
278	48 
279	27 
280	22 
281	29 
282	21 
283	43 
284	21 
285	54 
286	14 
287	57 
288	29 
289	31 
290	31 
291	49 
292	13 
293	21 
294	4 
295	32 
296	57 
297	27 
298	6 
299	17 
300	7 
301	56 
302	18 
303	29 
304	29 
305	37 
306	52 
307	36 
308	58 
309	12 
310	7 
311	19 
312	34 
313	53 
314	46 
315	40 
316	9 
317	31 
318	16 
319	30 
320	13 
321	14 
322	56 
323	36 
324	19 
325	50 
326	44 
327	6 
328	33 
329	24 
330	21 
331	36 
332	27 
333	11 
334	57 
335	16 
336	28 
337	29 
338	2 
339	17 
340	31 
341	20 
342	39 
343	44 
344	41 
345	57 
346	20 
347	14 
348	40 
349	31 
350	27 
351	11 
352	24 
353	57 
354	19 
355	31 
356	16 
357	30 
358	12 
359	28 
360	25 
361	38 
362	29 
363	31 
364	6 
365	44 
366	5 
367	28 
368	25 
369	16 
370	6 
371	25 
372	18 
373	24 
374	21 
375	38 
376	39 
377	9 
378	30 
379	40 
380	51 
381	48 
382	1 
383	50 
384	26 
385	31 
386	54 
387	36 
388	30 
389	38 
390	4 
391	51 
392	50 
393	23 
394	27 
395	33 
396	29 
397	50 
398	14 
399	44 
400	44 
401	34 
402	57 
403	54 
404	25 
405	48 
406	58 
407	14 
408	26 
409	31 
410	6 
411	49 
412	18 
413	36 
414	6 
415	29 
416	1 
417	44 
418	33 
419	34 
420	36 
421	38 
422	14 
423	33 
424	34 
425	52 
426	49 
427	14 
428	34 
429	30 
430	45 
431	6 
432	46 
433	28 
434	20 
435	16 
436	43 
437	30 
438	24 
439	45 
440	5 
441	6 
442	33 
443	6 
444	34 
445	1 
446	26 
447	32 
448	21 
449	41 
450	44 
451	6 
452	26 
453	18 
454	16 
455	30 
456	51 
457	32 
458	27 
459	55 
460	49 
461	51 
462	1 
463	12 
464	30 
465	38 
466	42 
467	51 
468	2 
469	54 
470	44 
471	14 
472	1 
473	28 
474	30 
475	51 
476	25 
477	49 
478	25 
479	6 
480	11 
481	46 
482	29 
483	18 
484	54 
485	32 
486	51 
487	18 
488	50 
489	39 
490	51 
491	6 
492	4 
493	21 
494	10 
495	50 
496	26 
497	56 
498	5 
499	44 
500	38 
501	29 
502	21 
503	58 
504	9 
505	9 
506	20 
507	42 
508	29 
509	14 
510	44 
511	9 
512	32 
513	12 
514	30 
515	50 
516	15 
517	11 
518	50 
519	55 
520	13 
521	10 
522	14 
523	57 
524	9 
525	48 
526	38 
527	54 
528	53 
529	43 
530	20 
531	25 
532	11 
533	42 
534	35 
535	12 
536	49 
537	32 
538	51 
539	40 
540	12 
541	3 
542	10 
543	55 
544	20 
545	14 
546	47 
547	51 
548	34 
549	8 
550	30 
551	4 
552	32 
553	4 
554	42 
555	12 
556	50 
557	37 
558	47 
559	58 
560	57 
561	30 
562	2 
563	26 
564	22 
565	37 
566	10 
567	28 
568	30 
569	6 
570	36 
571	2 
572	49 
573	15 
574	2 
575	37 
576	33 
577	34 
578	13 
579	8 
580	54 
581	14 
582	16 
583	11 
584	10 
585	53 
586	54 
587	29 
588	6 
589	43 
590	51 
591	15 
592	6 
593	4 
594	39 
595	13 
596	34 
597	49 
598	6 
599	39 
600	6 
601	9 
602	3 
603	12 
604	44 
605	38 
606	16 
607	11 
608	19 
609	16 
610	27 
611	1 
612	51 
613	58 
614	51 
615	29 
616	7 
617	49 
618	12 
619	34 
620	29 
621	32 
622	26 
623	21 
624	55 
625	4 
626	23 
627	1 
628	49 
629	57 
630	45 
631	11 
632	33 
633	34 
634	41 
635	18 
636	24 
637	32 
638	53 
639	37 
640	16 
641	33 
642	4 
643	36 
644	49 
645	36 
646	55 
647	9 
648	29 
649	4 
650	49 
651	14 
652	6 
653	26 
654	44 
655	43 
656	22 
657	42 
658	54 
659	42 
660	57 
661	13 
662	48 
663	32 
664	38 
665	13 
666	57 
667	35 
668	32 
669	18 
670	9 
671	6 
672	36 
673	14 
674	42 
675	32 
676	43 
677	2 
678	27 
679	31 
680	27 
681	54 
682	17 
683	34 
684	6 
685	31 
686	4 
687	56 
688	45 
689	49 
690	25 
691	49 
692	47 
693	14 
694	56 
695	18 
696	12 
697	12 
698	55 
699	39 
700	32 
701	14 
702	58 
703	7 
704	49 
705	10 
706	55 
707	57 
708	34 
709	55 
710	30 
711	12 
712	31 
713	50 
714	12 
715	14 
716	15 
717	18 
718	36 
719	19 
720	34 
721	49 
722	32 
723	14 
724	36 
725	34 
726	37 
727	14 
728	18 
729	44 
730	55 
731	29 
732	18 
733	35 
734	27 
735	14 
736	49 
737	8 
738	32 
739	14 
740	40 
741	29 
742	39 
743	35 
744	57 
745	17 
746	16 
747	4 
748	26 
749	58 
750	27 
751	27 
752	43 
753	32 
754	31 
755	57 
756	48 
757	55 
758	12 
759	54 
760	49 
761	17 
762	22 
763	5 
764	52 
765	35 
766	58 
767	37 
768	8 
769	17 
770	41 
771	21 
772	2 
773	39 
774	24 
775	58 
776	8 
777	53 
778	38 
779	28 
780	31 
781	51 
782	49 
783	3 
784	49 
785	5 
786	19 
787	37 
788	23 
789	30 
790	23 
791	52 
792	2 
793	31 
794	56 
795	40 
796	57 
797	41 
798	47 
799	21 
800	10 
801	38 
802	18 
803	18 
804	41 
805	36 
806	56 
807	45 
808	41 
809	29 
810	16 
811	2 
812	16 
813	6 
814	50 
815	20 
816	18 
817	34 
818	19 
819	16 
820	6 
821	43 
822	29 
823	45 
824	56 
825	37 
826	8 
827	32 
828	27 
829	51 
830	18 
831	44 
832	34 
833	13 
834	49 
835	53 
836	27 
837	36 
838	39 
839	21 
840	57 
841	44 
842	40 
843	26 
844	44 
845	18 
846	47 
847	21 
848	50 
849	27 
850	36 
851	4 
852	13 
853	24 
854	13 
855	54 
856	7 
857	47 
858	31 
859	55 
860	13 
861	26 
862	16 
863	9 
864	23 
865	29 
866	57 
867	25 
868	32 
869	32 
870	12 
871	48 
872	53 
873	18 
874	16 
875	19 
876	32 
877	39 
878	26 
879	27 
880	46 
881	29 
882	27 
883	40 
884	48 
885	28 
886	20 
887	28 
888	4 
889	16 
890	28 
891	47 
892	42 
893	49 
894	14 
895	49 
896	55 
897	1 
898	34 
899	42 
900	14 
901	18 
902	48 
903	19 
904	36 
905	44 
906	13 
907	58 
908	14 
909	29 
910	17 
911	54 
912	36 
913	29 
914	42 
915	39 
916	1 
917	32 
918	46 
919	18 
920	37 
921	55 
922	23 
923	28 
924	12 
925	32 
926	29 
927	41 
928	58 
929	8 
930	55 
931	11 
932	10 
933	37 
934	26 
935	3 
936	58 
937	1 
938	20 
939	37 
940	38 
941	11 
942	21 
943	47 
944	38 
945	44 
946	8 
947	8 
948	58 
949	31 
950	44 
951	22 
952	42 
953	1 
954	29 
955	31 
956	58 
957	33 
958	43 
959	21 
960	14 
961	56 
962	47 
963	44 
964	17 
965	13 
966	47 
967	46 
968	39 
969	16 
970	23 
971	45 
972	17 
973	1 
974	14 
975	11 
976	1 
977	21 
978	52 
979	16 
980	9 
981	4 
982	36 
983	55 
984	27 
985	23 
986	33 
987	34 
988	29 
989	26 
990	11 
991	10 
992	30 
993	51 
994	52 
995	42 
996	9 
997	15 
998	11 
999	53 
1000	15 
1001	9 
1002	21 
1003	2 
1004	43 
1005	32 
1006	6 
1007	18 
1008	57 
1009	49 
1010	11 
1011	57 
1012	14 
1013	1 
1014	12 
1015	19 
1016	44 
1017	50 
1018	37 
1019	54 
1020	14 
1021	26 
1022	2 
1023	36 
1024	30 
1025	11 
1026	1 
1027	55 
1028	13 
1029	37 
1030	30 
1031	13 
1032	27 
1033	35 
1034	39 
1035	39 
1036	33 
1037	18 
1038	44 
1039	27 
1040	44 
1041	5 
1042	9 
1043	25 
1044	17 
1045	36 
1046	34 
1047	22 
1048	16 
1049	36 
1050	30 
1051	26 
1052	49 
1053	33 
1054	18 
1055	58 
1056	16 
1057	23 
1058	28 
1059	32 
1060	31 
1061	35 
1062	30 
1063	35 
1064	37 
1065	40 
1066	27 
1067	32 
1068	3 
1069	18 
1070	43 
1071	57 
1072	39 
1073	39 
1074	54 
1075	26 
1076	58 
1077	49 
1078	36 
1079	18 
1080	47 
1081	43 
1082	53 
1083	50 
1084	26 
1085	44 
1086	55 
1087	9 
1088	38 
1089	26 
1090	56 
1091	19 
1092	18 
1093	37 
1094	8 
1095	35 
1096	6 
1097	30 
1098	7 
1099	30 
1100	10 
1101	39 
1102	6 
1103	13 
1104	20 
1105	32 
1106	49 
1107	37 
1108	6 
1109	24 
1110	6 
1111	12 
1112	4 
1113	36 
1114	49 
1115	39 
1116	42 
1117	14 
1118	13 
1119	52 
1120	31 
1121	44 
1122	42 
1123	16 
1124	42 
1125	49 
1126	34 
1127	11 
1128	49 
1129	9 
1130	49 
1131	23 
1132	11 
1133	14 
1134	13 
1135	7 
1136	51 
1137	49 
1138	25 
1139	37 
1140	48 
1141	16 
1142	26 
1143	57 
1144	58 
1145	39 
1146	49 
1147	36 
1148	20 
1149	30 
1150	36 
1151	58 
1152	9 
1153	34 
1154	40 
1155	43 
1156	22 
1157	32 
1158	6 
1159	25 
1160	27 
1161	1 
1162	36 
1163	57 
1164	18 
1165	26 
1166	1 
1167	25 
1168	12 
1169	34 
1170	6 
1171	29 
1172	25 
1173	53 
1174	56 
1175	2 
1176	11 
1177	14 
1178	7 
1179	46 
1180	14 
1181	19 
1182	5 
1183	6 
1184	49 
1185	56 
1186	27 
1187	49 
1188	34 
1189	30 
1190	16 
1191	44 
1192	33 
1193	21 
1194	58 
1195	22 
1196	58 
1197	29 
1198	11 
1199	30 
1200	21 
1201	35 
1202	28 
1203	57 
1204	29 
1205	32 
1206	6 
1207	21 
1208	55 
1209	31 
1210	33 
1211	25 
1212	9 
1213	1 
1214	43 
1215	3 
1216	43 
1217	51 
1218	11 
1219	31 
1220	3 
1221	2 
1222	31 
1223	7 
1224	21 
1225	57 
1226	18 
1227	9 
1228	12 
1229	20 
1230	9 
1231	22 
1232	25 
1233	43 
1234	8 
1235	49 
1236	41 
1237	54 
1238	16 
1239	4 
1240	8 
1241	21 
1242	29 
1243	7 
1244	55 
1245	49 
1246	11 
1247	42 
1248	6 
1249	42 
1250	39 
1251	33 
1252	30 
1253	58 
1254	54 
1255	22 
1256	48 
1257	16 
1258	27 
1259	37 
1260	50 
1261	18 
1262	49 
1263	1 
1264	39 
1265	55 
1266	10 
1267	30 
1268	56 
1269	58 
1270	18 
1271	48 
1272	3 
1273	14 
1274	3 
1275	32 
1276	17 
1277	57 
1278	39 
1279	27 
1280	43 
1281	42 
1282	36 
1283	15 
1284	56 
1285	46 
1286	54 
1287	55 
1288	35 
1289	31 
1290	9 
1291	48 
1292	4 
1293	12 
1294	2 
1295	44 
1296	43 
1297	58 
1298	54 
1299	49 
1300	4 
1301	45 
1302	32 
1303	24 
1304	9 
1305	39 
1306	17 
1307	14 
1308	38 
1309	33 
1310	26 
1311	16 
1312	18 
1313	44 
1314	35 
1315	11 
1316	18 
1317	6 
1318	48 
1319	12 
1320	53 
1321	21 
1322	31 
1323	11 
1324	19 
1325	11 
1326	4 
1327	13 
1328	36 
1329	1 
1330	3 
1331	14 
1332	43 
1333	31 
1334	40 
1335	46 
1336	38 
1337	33 
1338	14 
1339	57 
1340	57 
1341	33 
1342	14 
1343	14 
1344	41 
1345	1 
1346	7 
1347	6 
1348	19 
1349	41 
1350	14 
1351	10 
1352	20 
1353	49 
1354	38 
1355	44 
1356	15 
1357	34 
1358	57 
1359	56 
1360	16 
1361	18 
1362	53 
1363	39 
1364	16 
1365	6 
1366	23 
1367	33 
1368	30 
1369	31 
1370	23 
1371	18 
1372	25 
1373	21 
1374	28 
1375	57 
1376	25 
1377	18 
1378	14 
1379	39 
1380	56 
1381	30 
1382	4 
1383	4 
1384	21 
1385	53 
1386	8 
1387	18 
1388	50 
1389	52 
1390	7 
1391	52 
1392	44 
1393	24 
1394	51 
1395	31 
1396	27 
1397	37 
1398	10 
1399	14 
1400	6 
1401	34 
1402	2 
1403	12 
1404	6 
1405	39 
1406	46 
1407	34 
1408	57 
1409	50 
1410	45 
1411	54 
1412	2 
1413	27 
1414	46 
1415	13 
1416	27 
1417	9 
1418	6 
1419	33 
1420	1 
1421	49 
1422	21 
1423	45 
1424	35 
1425	26 
1426	47 
1427	52 
1428	49 
1429	12 
1430	29 
1431	4 
1432	5 
1433	55 
1434	9 
1435	35 
1436	44 
1437	49 
1438	26 
1439	29 
1440	58 
1441	3 
1442	44 
1443	12 
1444	16 
1445	33 
1446	8 
1447	41 
1448	9 
1449	50 
1450	36 
1451	55 
1452	16 
1453	4 
1454	45 
1455	21 
1456	26 
1457	16 
1458	54 
1459	43 
1460	58 
1461	42 
1462	40 
1463	27 
1464	12 
1465	39 
1466	49 
1467	27 
1468	19 
1469	13 
1470	40 
1471	4 
1472	37 
1473	27 
1474	7 
1475	54 
1476	49 
1477	39 
1478	36 
1479	25 
1480	12 
1481	9 
1482	13 
1483	30 
1484	52 
1485	25 
1486	56 
1487	27 
1488	25 
1489	35 
1490	53 
1491	15 
1492	54 
1493	57 
1494	40 
1495	22 
1496	9 
1497	20 
1498	43 
1499	19 
1500	26 
1501	19 
1502	38 
1503	3 
1504	11 
1505	8 
1506	7 
1507	16 
1508	9 
1509	9 
1510	27 
1511	56 
1512	10 
1513	58 
1514	12 
1515	47 
1516	9 
1517	16 
1518	21 
1519	1 
1520	11 
1521	18 
1522	27 
1523	16 
1524	48 
1525	29 
1526	42 
1527	55 
1528	37 
1529	49 
1530	15 
1531	9 
1532	1 
1533	44 
1534	57 
1535	31 
1536	51 
1537	21 
1538	24 
1539	51 
1540	13 
1541	24 
1542	11 
1543	32 
1544	33 
1545	33 
1546	46 
1547	52 
1548	5 
1549	16 
1550	37 
1551	54 
1552	16 
1553	19 
1554	44 
1555	34 
1556	16 
1557	7 
1558	21 
1559	18 
1560	54 
1561	48 
1562	14 
1563	24 
1564	49 
1565	34 
1566	19 
1567	20 
1568	2 
1569	49 
1570	7 
1571	26 
1572	42 
1573	8 
1574	54 
1575	32 
1576	31 
1577	36 
1578	12 
1579	30 
1580	14 
1581	29 
1582	47 
1583	14 
1584	51 
1585	20 
1586	32 
1587	14 
1588	40 
1589	49 
1590	12 
1591	43 
1592	55 
1593	19 
1594	30 
1595	50 
1596	51 
1597	8 
1598	49 
1599	5 
1600	12 
1601	37 
1602	20 
1603	11 
1604	2 
1605	20 
1606	50 
1607	56 
1608	43 
1609	37 
1610	39 
1611	49 
1612	1 
1613	36 
1614	41 
1615	12 
1616	39 
1617	18 
1618	43 
1619	8 
1620	16 
1621	19 
1622	12 
1623	32 
1624	1 
1625	6 
1626	55 
1627	51 
1628	14 
1629	3 
1630	16 
1631	45 
1632	33 
1633	38 
1634	49 
1635	41 
1636	8 
1637	30 
1638	6 
1639	2 
1640	54 
1641	3 
1642	14 
1643	29 
1644	30 
1645	5 
1646	24 
1647	5 
1648	54 
1649	30 
1650	18 
1651	1 
1652	14 
1653	44 
1654	50 
1655	26 
1656	44 
1657	38 
1658	6 
1659	13 
1660	31 
1661	19 
1662	1 
1663	49 
1664	30 
1665	28 
1666	4 
1667	30 
1668	9 
1669	14 
1670	25 
1671	20 
1672	49 
1673	38 
1674	35 
1675	1 
1676	58 
1677	34 
1678	7 
1679	58 
1680	12 
1681	39 
1682	21 
1683	31 
1684	44 
1685	33 
1686	6 
1687	17 
1688	9 
1689	29 
1690	15 
1691	37 
1692	14 
1693	42 
1694	25 
1695	48 
1696	6 
1697	52 
1698	29 
1699	18 
1700	49 
1701	4 
1702	17 
1703	39 
1704	37 
1705	19 
1706	7 
1707	21 
1708	58 
1709	57 
1710	49 
1711	14 
1712	29 
1713	44 
1714	30 
1715	21 
1716	20 
1717	34 
1718	12 
1719	26 
1720	34 
1721	18 
1722	32 
1723	37 
1724	51 
1725	29 
1726	18 
1727	54 
1728	44 
1729	25 
1730	7 
1731	58 
1732	6 
1733	31 
1734	14 
1735	53 
1736	11 
1737	55 
1738	25 
1739	6 
1740	41 
1741	26 
1742	41 
1743	49 
1744	32 
1745	12 
1746	26 
1747	34 
1748	9 
1749	51 
1750	16 
1751	31 
1752	31 
1753	45 
1754	46 
1755	52 
1756	12 
1757	16 
1758	38 
1759	34 
1760	27 
1761	34 
1762	24 
1763	21 
1764	37 
1765	3 
1766	46 
1767	49 
1768	40 
1769	14 
1770	20 
1771	8 
1772	49 
1773	57 
1774	31 
1775	2 
1776	14 
1777	6 
1778	25 
1779	13 
1780	54 
1781	11 
1782	54 
1783	21 
1784	54 
1785	35 
1786	7 
1787	32 
1788	28 
1789	21 
1790	32 
1791	44 
1792	11 
1793	51 
1794	50 
1795	51 
1796	30 
1797	28 
1798	58 
1799	28 
1800	49 
1801	38 
1802	40 
1803	41 
1804	33 
1805	4 
1806	13 
1807	53 
1808	36 
1809	10 
1810	21 
1811	26 
1812	43 
1813	39 
1814	30 
1815	21 
1816	22 
1817	27 
1818	10 
1819	44 
1820	47 
1821	29 
1822	30 
1823	46 
1824	54 
1825	32 
1826	40 
1827	13 
1828	54 
1829	43 
1830	54 
1831	3 
1832	35 
1833	50 
1834	9 
1835	57 
1836	48 
1837	46 
1838	34 
1839	9 
1840	26 
1841	7 
1842	53 
1843	14 
1844	47 
1845	29 
1846	11 
1847	52 
1848	27 
1849	53 
1850	27 
1851	13 
1852	20 
1853	3 
1854	12 
1855	24 
1856	47 
1857	30 
1858	41 
1859	34 
1860	18 
1861	54 
1862	35 
1863	32 
1864	30 
1865	32 
1866	12 
1867	28 
1868	7 
1869	17 
1870	57 
1871	20 
1872	45 
1873	17 
1874	35 
1875	4 
1876	1 
1877	57 
1878	9 
1879	14 
1880	16 
1881	45 
1882	55 
1883	13 
1884	14 
1885	33 
1886	44 
1887	4 
1888	27 
1889	20 
1890	36 
1891	43 
1892	38 
1893	27 
1894	28 
1895	18 
1896	15 
1897	56 
1898	19 
1899	21 
1900	54 
1901	53 
1902	18 
1903	56 
1904	39 
1905	30 
1906	45 
1907	24 
1908	54 
1909	27 
1910	44 
1911	35 
1912	33 
1913	7 
1914	32 
1915	38 
1916	30 
1917	33 
1918	21 
1919	48 
1920	50 
1921	53 
1922	43 
1923	58 
1924	19 
1925	15 
1926	40 
1927	28 
1928	4 
1929	32 
1930	31 
1931	42 
1932	56 
1933	14 
1934	39 
1935	16 
1936	9 
1937	58 
1938	8 
1939	53 
1940	38 
1941	31 
1942	51 
1943	29 
1944	34 
1945	17 
1946	30 
1947	5 
1948	23 
1949	48 
1950	40 
1951	14 
1952	12 
1953	21 
1954	46 
1955	56 
1956	18 
1957	45 
1958	55 
1959	57 
1960	12 
1961	21 
1962	17 
1963	43 
1964	27 
1965	14 
1966	2 
1967	28 
1968	31 
1969	58 
1970	46 
1971	16 
1972	12 
1973	42 
1974	25 
1975	27 
1976	27 
1977	41 
1978	14 
1979	40 
1980	18 
1981	41 
1982	3 
1983	2 
1984	44 
1985	27 
1986	21 
1987	18 
1988	37 
1989	10 
1990	41 
1991	47 
1992	27 
1993	13 
1994	53 
1995	36 
1996	16 
1997	21 
1998	21 
1999	24 
2000	35 
2001	44 
2002	57 
2003	51 
2004	1 
2005	44 
2006	58 
2007	49 
2008	16 
2009	9 
2010	38 
2011	32 
2012	20 
2013	44 
2014	18 
2015	46 
2016	11 
2017	44 
2018	9 
2019	8 
2020	15 
2021	9 
2022	18 
2023	3 
2024	40 
2025	20 
2026	13 
2027	21 
2028	36 
2029	37 
2030	17 
2031	9 
2032	21 
2033	22 
2034	27 
2035	32 
2036	13 
2037	57 
2038	22 
2039	27 
2040	35 
2041	28 
2042	32 
2043	44 
2044	3 
2045	24 
2046	41 
2047	44 
2048	19 
2049	14 
2050	35 
2051	32 
2052	15 
2053	40 
2054	50 
2055	3 
2056	56 
2057	30 
2058	39 
2059	19 
2060	13 
2061	26 
2062	44 
2063	16 
2064	37 
2065	51 
2066	12 
2067	33 
2068	11 
2069	54 
2070	29 
2071	14 
2072	6 
2073	6 
2074	36 
2075	24 
2076	6 
2077	16 
2078	34 
2079	13 
2080	34 
2081	20 
2082	9 
2083	58 
2084	38 
2085	46 
2086	26 
2087	9 
2088	51 
2089	13 
2090	17 
2091	45 
2092	30 
2093	22 
2094	34 
2095	34 
2096	44 
2097	58 
2098	53 
2099	44 
2100	6 
2101	4 
2102	51 
2103	15 
2104	43 
2105	52 
2106	5 
2107	11 
2108	33 
2109	21 
2110	50 
2111	44 
2112	5 
2113	7 
2114	43 
2115	50 
2116	9 
2117	7 
2118	28 
2119	23 
2120	44 
2121	40 
2122	54 
2123	33 
2124	19 
2125	7 
2126	27 
2127	51 
2128	14 
2129	38 
2130	26 
2131	29 
2132	34 
2133	36 
2134	6 
2135	2 
2136	20 
2137	52 
2138	54 
2139	40 
2140	57 
2141	16 
2142	29 
2143	15 
2144	29 
2145	21 
2146	34 
2147	18 
2148	5 
2149	27 
2150	12 
2151	41 
2152	43 
2153	21 
2154	6 
2155	11 
2156	32 
2157	44 
2158	31 
2159	48 
2160	54 
2161	34 
2162	57 
2163	9 
2164	7 
2165	18 
2166	49 
2167	4 
2168	21 
2169	50 
2170	49 
2171	31 
2172	52 
2173	32 
2174	31 
2175	21 
2176	57 
2177	31 
2178	3 
2179	18 
2180	6 
2181	8 
2182	23 
2183	9 
2184	26 
2185	56 
2186	23 
2187	4 
2188	50 
2189	33 
2190	25 
2191	17 
2192	39 
2193	34 
2194	24 
2195	56 
2196	43 
2197	52 
2198	40 
2199	34 
2200	31 
2201	44 
2202	42 
2203	6 
2204	49 
2205	26 
2206	6 
2207	4 
2208	25 
2209	9 
2210	42 
2211	13 
2212	20 
2213	9 
2214	42 
2215	12 
2216	29 
2217	3 
2218	18 
2219	29 
2220	43 
2221	23 
2222	49 
2223	20 
2224	46 
2225	9 
2226	6 
2227	27 
2228	27 
2229	51 
2230	20 
2231	44 
2232	11 
2233	36 
2234	2 
2235	16 
2236	44 
2237	9 
2238	2 
2239	44 
2240	26 
2241	33 
2242	38 
2243	1 
2244	37 
2245	20 
2246	50 
2247	9 
2248	14 
2249	25 
2250	18 
2251	34 
2252	36 
2253	5 
2254	57 
2255	6 
2256	16 
2257	3 
2258	21 
2259	25 
2260	30 
2261	28 
2262	9 
2263	29 
2264	26 
2265	51 
2266	48 
2267	12 
2268	12 
2269	34 
2270	5 
2271	44 
2272	50 
2273	15 
2274	58 
2275	6 
2276	30 
2277	56 
2278	44 
2279	47 
2280	32 
2281	29 
2282	35 
2283	37 
2284	41 
2285	9 
2286	26 
2287	6 
2288	25 
2289	8 
2290	19 
2291	43 
2292	29 
2293	12 
2294	29 
2295	55 
2296	57 
2297	29 
2298	13 
2299	43 
2300	1 
2301	3 
2302	1 
2303	32 
2304	32 
2305	55 
2306	12 
2307	50 
2308	29 
2309	20 
2310	37 
2311	7 
2312	50 
2313	32 
2314	41 
2315	55 
2316	58 
2317	36 
2318	12 
2319	34 
2320	58 
2321	12 
2322	15 
2323	24 
2324	18 
2325	27 
2326	4 
2327	21 
2328	49 
2329	26 
2330	21 
2331	39 
2332	26 
2333	51 
2334	4 
2335	16 
2336	15 
2337	12 
2338	34 
2339	40 
2340	49 
2341	7 
2342	18 
2343	14 
2344	52 
2345	34 
2346	6 
2347	13 
2348	17 
2349	57 
2350	58 
2351	33 
2352	29 
2353	5 
2354	29 
2355	9 
2356	7 
2357	52 
2358	1 
2359	31 
2360	14 
2361	36 
2362	34 
2363	30 
2364	41 
2365	16 
2366	53 
2367	12 
2368	8 
2369	23 
2370	31 
2371	29 
2372	21 
2373	32 
2374	21 
2375	21 
2376	19 
2377	53 
2378	26 
2379	15 
2380	27 
2381	29 
2382	3 
2383	18 
2384	6 
2385	8 
2386	31 
2387	37 
2388	31 
2389	33 
2390	6 
2391	58 
2392	21 
2393	4 
2394	48 
2395	24 
2396	13 
2397	16 
2398	1 
2399	44 
2400	3 
2401	14 
2402	45 
2403	19 
2404	25 
2405	21 
2406	14 
2407	23 
2408	54 
2409	1 
2410	24 
2411	33 
2412	34 
2413	22 
2414	42 
2415	29 
2416	14 
2417	49 
2418	33 
2419	23 
2420	56 
2421	50 
2422	41 
2423	17 
2424	9 
2425	26 
2426	24 
2427	30 
2428	16 
2429	43 
2430	57 
2431	1 
2432	14 
2433	39 
2434	44 
2435	31 
2436	35 
2437	16 
2438	23 
2439	1 
2440	33 
2441	27 
2442	12 
2443	57 
2444	8 
2445	22 
2446	49 
2447	39 
2448	29 
2449	16 
2450	18 
2451	56 
2452	19 
2453	21 
2454	58 
2455	32 
2456	56 
2457	41 
2458	30 
2459	53 
2460	27 
2461	14 
2462	55 
2463	35 
2464	14 
2465	9 
2466	9 
2467	44 
2468	23 
2469	44 
2470	13 
2471	31 
2472	6 
2473	40 
2474	1 
2475	48 
2476	51 
2477	8 
2478	1 
2479	28 
2480	15 
2481	15 
2482	21 
2483	12 
2484	49 
2485	42 
2486	9 
2487	13 
2488	24 
2489	16 
2490	12 
2491	49 
2492	18 
2493	9 
2494	18 
2495	42 
2496	8 
2497	8 
2498	52 
2499	33 
2500	14 
2501	21 
2502	56 
2503	17 
2504	50 
2505	56 
2506	4 
2507	4 
2508	18 
2509	52 
2510	35 
2511	58 
2512	18 
2513	49 
2514	30 
2515	39 
2516	25 
2517	55 
2518	39 
2519	4 
2520	56 
2521	44 
2522	25 
2523	16 
2524	14 
2525	12 
2526	33 
2527	29 
2528	27 
2529	31 
2530	40 
2531	2 
2532	27 
2533	36 
2534	7 
2535	12 
2536	44 
2537	1 
2538	16 
2539	34 
2540	32 
2541	16 
2542	36 
2543	49 
2544	8 
2545	1 
2546	7 
2547	3 
2548	23 
2549	27 
2550	17 
2551	33 
2552	18 
2553	26 
2554	27 
2555	12 
2556	53 
2557	9 
2558	57 
2559	50 
2560	6 
2561	18 
2562	50 
2563	32 
2564	37 
2565	6 
2566	56 
2567	44 
2568	32 
2569	43 
2570	6 
2571	33 
2572	4 
2573	4 
2574	40 
2575	6 
2576	1 
2577	16 
2578	50 
2579	56 
2580	38 
2581	11 
2582	58 
2583	29 
2584	25 
2585	3 
2586	51 
2587	31 
2588	44 
2589	7 
2590	21 
2591	18 
2592	32 
2593	14 
2594	19 
2595	32 
2596	53 
2597	39 
2598	48 
2599	39 
2600	36 
2601	9 
2602	49 
2603	44 
2604	34 
2605	26 
2606	55 
2607	16 
2608	30 
2609	8 
2610	25 
2611	30 
2612	27 
2613	33 
2614	50 
2615	58 
2616	57 
2617	9 
2618	9 
2619	13 
2620	1 
2621	31 
2622	27 
2623	32 
2624	32 
2625	40 
2626	3 
2627	30 
2628	55 
2629	56 
2630	53 
2631	8 
2632	50 
2633	55 
2634	12 
2635	18 
2636	44 
2637	13 
2638	12 
2639	21 
2640	49 
2641	16 
2642	33 
2643	58 
2644	57 
2645	55 
2646	32 
2647	31 
2648	18 
2649	28 
2650	27 
2651	11 
2652	41 
2653	7 
2654	16 
2655	12 
2656	12 
2657	57 
2658	51 
2659	21 
2660	42 
2661	38 
2662	53 
2663	27 
2664	17 
2665	12 
2666	33 
2667	39 
2668	20 
2669	4 
2670	29 
2671	38 
2672	21 
2673	53 
2674	11 
2675	17 
2676	6 
2677	32 
2678	6 
2679	27 
2680	27 
2681	14 
2682	18 
2683	32 
2684	42 
2685	6 
2686	18 
2687	7 
2688	32 
2689	4 
2690	7 
2691	49 
2692	17 
2693	8 
2694	13 
2695	32 
2696	8 
2697	30 
2698	39 
2699	51 
2700	44 
2701	12 
2702	20 
2703	21 
2704	34 
2705	42 
2706	14 
2707	6 
2708	19 
2709	36 
2710	49 
2711	32 
2712	28 
2713	51 
2714	38 
2715	3 
2716	20 
2717	34 
2718	16 
2719	28 
2720	8 
2721	21 
2722	32 
2723	49 
2724	57 
2725	4 
2726	32 
2727	14 
2728	28 
2729	49 
2730	33 
2731	16 
2732	16 
2733	1 
2734	54 
2735	32 
2736	9 
2737	13 
2738	54 
2739	57 
2740	44 
2741	9 
2742	32 
2743	27 
2744	28 
2745	1 
2746	43 
2747	20 
2748	14 
2749	38 
2750	34 
2751	1 
2752	29 
2753	41 
2754	57 
2755	31 
2756	20 
2757	18 
2758	8 
2759	7 
2760	25 
2761	57 
2762	50 
2763	3 
2764	51 
2765	30 
2766	39 
2767	9 
2768	12 
2769	30 
2770	14 
2771	39 
2772	16 
2773	33 
2774	32 
2775	54 
2776	57 
2777	16 
2778	30 
2779	12 
2780	7 
2781	42 
2782	6 
2783	18 
2784	17 
2785	34 
2786	33 
2787	6 
2788	32 
2789	30 
2790	6 
2791	30 
2792	40 
2793	6 
2794	28 
2795	26 
2796	26 
2797	33 
2798	13 
2799	11 
2800	14 
2801	8 
2802	18 
2803	27 
2804	40 
2805	55 
2806	16 
2807	18 
2808	9 
2809	6 
2810	56 
2811	18 
2812	57 
2813	31 
2814	43 
2815	6 
2816	34 
2817	31 
2818	43 
2819	43 
2820	28 
2821	58 
2822	6 
2823	6 
2824	1 
2825	50 
2826	4 
2827	7 
2828	36 
2829	32 
2830	31 
2831	12 
2832	27 
2833	26 
2834	16 
2835	36 
2836	18 
2837	29 
2838	44 
2839	38 
2840	11 
2841	7 
2842	25 
2843	25 
2844	50 
2845	21 
2846	44 
2847	27 
2848	43 
2849	32 
2850	36 
2851	14 
2852	14 
2853	8 
2854	1 
2855	9 
2856	21 
2857	13 
2858	19 
2859	49 
2860	21 
2861	36 
2862	29 
2863	4 
2864	19 
2865	16 
2866	54 
2867	27 
2868	33 
2869	26 
2870	36 
2871	30 
2872	1 
2873	57 
2874	50 
2875	14 
2876	33 
2877	56 
2878	21 
2879	31 
2880	54 
2881	34 
2882	26 
2883	54 
2884	12 
2885	54 
2886	57 
2887	11 
2888	12 
2889	4 
2890	26 
2891	29 
2892	55 
2893	30 
2894	18 
2895	30 
2896	13 
2897	26 
2898	16 
2899	44 
2900	18 
2901	7 
2902	4 
2903	36 
2904	32 
2905	1 
2906	4 
2907	31 
2908	54 
2909	29 
2910	50 
2911	13 
2912	26 
2913	30 
2914	25 
2915	51 
2916	44 
2917	11 
2918	16 
2919	1 
2920	12 
2921	31 
2922	12 
2923	57 
2924	32 
2925	26 
2926	39 
2927	55 
2928	16 
2929	12 
2930	54 
2931	7 
2932	30 
2933	44 
2934	50 
2935	33 
2936	29 
2937	49 
2938	32 
2939	34 
2940	7 
2941	49 
2942	32 
2943	26 
2944	30 
2945	21 
2946	50 
2947	58 
2948	44 
2949	18 
2950	49 
2951	50 
2952	31 
2953	16 
2954	27 
2955	31 
2956	31 
2957	27 
2958	13 
2959	26 
2960	32 
2961	26 
2962	9 
2963	33 
2964	58 
2965	6 
2966	31 
2967	36 
2968	7 
2969	1 
2970	44 
2971	21 
2972	1 
2973	13 
2974	14 
2975	16 
2976	9 
2977	6 
2978	33 
2979	9 
2980	6 
2981	34 
2982	44 
2983	9 
2984	13 
2985	9 
2986	29 
2987	31 
2988	49 
2989	11 
2990	14 
2991	32 
2992	16 
2993	9 
2994	29 
2995	34 
2996	54 
2997	49 
2998	49 
2999	18 
3000	44 
